scaled_amount,scaled_time,V1,V2,V3,V4,V5,V6,V7,V8,V9,V10,V11,V12,V13,V14,V15,V16,V17,V18,V19,V20,V21,V22,V23,V24,V25,V26,V27,V28
0.2811430168378397,-0.5783667571282557,-0.665504380113957,-0.034657894017107,2.80582859600165,0.104571982228462,-1.04727914973327,0.55094472533977,-0.333428278977765,0.511922671632175,1.12619330096988,-0.950576538512093,0.111897345127469,0.971434548963819,-0.954312873464002,-0.946222606493799,-2.9181273677018,-0.153305700822578,-0.0290874508193798,0.219773846120129,0.021422697587857,-0.126446738621057,0.111213816198514,0.631724454877872,-0.0366474184596345,0.585010364781846,-0.468657299243085,0.222566152862418,0.159868726500491,0.157453287556806
6.535457276601691,-0.2060879474617888,-1.82429505976067,0.403326526860602,-1.99412200641801,2.75655816357726,-3.13906432572579,0.408185014718199,-1.20904511871624,1.09563435393431,-1.44722489217345,-3.95100289197434,2.56070020158284,-3.4119829114195,-0.781669619949492,-4.7327675351632,-0.433973654922625,-3.30608841178359,-4.23102187544855,-0.750809770409941,2.69080834203374,1.50368830479002,0.838760421033887,0.341727095787049,0.947506491293615,-0.145493002452622,0.0493257725258454,0.831065451615044,0.33242130393302,0.252712728641008
0.5309858170893593,0.5442615632232521,-3.33592409124984,-4.9226488757127,1.11045501697385,-1.4529606471653,2.03474647736052,-2.29916805975155,-0.558657932315386,-0.677429361028339,-1.72156075848637,1.3928796606043,-0.778720549416635,-0.693179157974329,1.74912541787207,-1.3361419506401,-0.235222891675005,-0.644007406135872,0.0721312891745627,-0.0709901933399656,0.191027691666336,-0.555286568540051,-0.529419958754142,0.210856969738127,2.76868569237593,-0.154691536435028,1.58635670770231,0.0516757169865029,-0.110049769549323,-0.840178032838291
0.2300006986655488,0.7689470036067153,-0.691509488945688,-0.227195541309236,-1.19404774014646,-0.79032022409969,4.09824127843721,2.87514437483763,0.105954043294729,0.667049436258878,-0.390283436185014,-0.693068445466281,0.374452953805839,-0.454824173794319,-0.252927931820934,-0.691314097553308,1.62945281482773,-0.433445845894522,0.57105625076921,0.701912612712934,0.48548787488136,0.482095620421906,0.325304974848307,0.808273348955412,-0.145929192207452,0.644722498001184,0.0629851155735794,0.0316429911176786,-0.0123538117877913,-0.0249339124996773
0.0978131768322504,-0.5767572457383193,-0.628042320456048,-0.57928860860241,0.631072163205127,-3.6390918389064,1.29000371710077,3.48097794370726,-0.971092949923247,1.00108546829333,-2.29238778261619,0.887887182307785,-0.491433451655656,-1.40142321454265,0.412822357631085,-0.53772489084191,0.456326663537541,0.318424015340765,-0.344585145927685,0.846568862903375,-0.596991303971847,0.0199872679110543,-0.0944661983428456,-0.0461563111061776,-0.264962701386698,0.97853799973871,0.589765584650184,-0.154914137131299,0.303752855242234,0.125644194317456
6.679242646545099,-0.3812427307651641,-4.41244610275669,-3.12257481965504,0.882389906453031,-0.138557506773984,-1.31976747272508,-0.442520666565723,0.745833018756256,0.271045453924484,1.05763281057795,-0.298793313767729,0.885243663257497,0.376231061498534,-1.16414075593192,-0.178241371601597,-0.642009586291324,0.880261495450616,-0.506892299137861,0.297267841535198,-0.307507422401799,0.297084589769841,-0.192195453505798,-0.258554076060858,-0.137768955958613,0.635629009463179,-0.0328396676384717,0.792900644525479,0.234990938534482,0.320924469562946
0.9254523859428492,-0.5115779085750537,-5.31417320646342,4.14594361146639,-8.53252245892907,8.34439167363678,-5.71800820787464,-3.04353608094129,-10.9891846672722,3.40412865609659,-6.16723364181153,-11.435623996076,7.67453383416429,-14.2960914258331,0.526938923712363,-15.4450258118019,0.991651201275811,-12.3913460034009,-22.5416517287861,-7.98672065349455,2.99255446334225,1.15001731865814,2.33146580801509,0.862996305559532,-0.614453237551036,0.523647877136623,-0.712593271662611,0.324637964828057,2.24509146635599,0.497320848969724
2.763920911059876,-0.095360612789154,-5.62246941906299,3.48062317879011,-6.20067659397487,4.31123366835313,-5.22628632428769,-1.34176357284987,-5.22094094197327,2.68284353707778,-2.92148438224053,-6.56125741097377,3.21126387844398,-6.86166051434144,0.326461834627394,-7.7552536640417,0.50465219263742,-6.27661678567251,-10.6117146970978,-4.14677374512684,2.19728771323892,-0.156288522686099,0.949568986169808,-0.428985749759671,-0.35067550041691,0.197549503550848,0.15923422951036,-0.377790861014248,-0.213561786254573,0.459528918054306
1.172221057779641,0.3983951879133918,-6.67721162487866,5.52929920087665,-7.19327456474359,6.08132107951892,-1.63607097105033,0.500609583298219,-4.64077020758754,-4.33983969614375,-0.950036405131991,0.566679814004086,4.3150759158968,-4.93828359985114,-1.10570973729343,-8.49081262174082,1.00362574598099,-1.94912326096651,-3.09301268981888,0.124087074705575,0.886746966076448,-1.11868675540655,5.56330066446813,-1.60827196122017,0.965321595694456,0.16371797930961,0.0475308707267175,0.466164782963216,0.278546743051982,1.47198811731278
1.4111646754698526,0.9734841809701712,1.92256566034127,-1.16239006077122,-0.942246364999717,-0.861672700197114,-0.44329803009555,0.498348457325074,-0.742022987123452,0.0407910386554897,-0.247258563423021,0.670777871962414,0.178571607598144,1.40555696092318,2.01996275365225,-0.308137371734381,-0.237611681491415,-0.901608593253547,-0.906347113869884,1.64126714799652,-0.106955889046118,-0.214875946085422,-0.52616663867923,-1.1682036342959,0.285475399287638,-0.178445030469754,-0.506732153544798,-0.340148621967181,0.0088505544471036,-0.0206441228139497
4.57039055404178,0.9709465571728992,-1.37442438802593,2.79318461104641,-4.34657205544607,2.40073141993213,-1.68843271426041,0.111136092520939,-0.922037621262745,-2.14992997529601,-2.02747375610927,-4.39084192218279,1.24195817554592,-3.91052150018815,-1.22563629923953,-4.69799687128777,0.676108304106939,-2.07706554161602,-2.68352089790884,-0.525949332550218,0.42234244481934,0.650195855719888,-0.870778521555015,0.50484915999462,0.13799426850986,0.36827456897565,0.103136654803567,-0.414208828090744,0.454981584858352,0.0967109642319915
-0.3072731083630266,0.7453565008987417,1.99401062858539,-0.297876798687078,-0.189394269346622,0.516329510058328,-0.7280390865726,-0.605465291013475,-0.539125455896181,-0.122966080880109,1.310524970768,-0.191715740698828,-0.799834760794439,1.04896420129951,1.16479673774486,-0.409253904342518,0.356249235515881,0.019167627964063,-0.554316221718445,0.0613393026570345,-0.241376848768529,-0.174894756492735,0.200711072076578,0.912073614125909,0.116452716999279,0.100000687923278,-0.0590030489332823,-0.218236130443208,0.0505420641365746,-0.0356231484367397
6.029483686159436,1.0121359508452872,-1.21459230789634,-1.92193416558153,-1.35214280602779,-2.67200360656652,0.0934533385658068,-0.941291822488727,2.11405750380238,-0.570651589316461,-2.98353250294698,0.421592400253299,-1.65979593616494,-2.0051169919209,-0.627355180191047,0.364840666091723,-1.21712630363699,-1.04151687602573,0.419943045742849,0.107715569764959,-0.617660725559883,0.675355503862449,0.467481430769205,0.735142278023888,0.609768032862312,0.448634544131767,0.971752064285395,0.167733597701073,-0.144064693546406,0.147055085597034
2.150492559211905,0.5182274227845722,-2.27247262312809,2.93522576984167,-4.87139411498144,2.41901198641213,-1.51302177077044,-0.480624709293733,-2.12613615926755,1.88350700101357,-1.29726168422102,-5.48742458295368,2.96924007367485,-3.05540513135176,-0.316543682164901,-7.86280852638766,-2.2028004046908,-1.93231647481301,-2.28474841411287,0.324787267403684,-0.183180903717309,-0.0310853103629951,0.718504287704593,0.893850157785459,-0.031631724472805,0.322912638305837,-0.0584064063189307,-0.411648851141658,0.573803016490166,0.176067285155718
-0.3074128414727869,0.7066224932153808,-6.42330645645221,1.65851450876035,-5.86643956435658,2.05206440242466,-0.615816842763718,-3.37226571107575,-5.03655575494585,2.64310601464633,-2.27463004673333,-7.04922935969585,3.9168025570096,-4.48127959922503,-1.02747932747206,-7.11387278226069,-0.852775229881616,-3.83955997447082,-5.05600998750159,-1.34449753083319,1.14847293881065,-0.713515810779757,0.641210915884323,-0.256678382381229,-2.33723276414845,-0.158277898470348,1.19879744465828,-0.261257806694643,0.78012548401824,-0.731800816194097
0.4889261510514917,-0.1736040132050423,1.09759483142484,-0.0189021789852447,0.510560576910999,0.982577530264717,-0.430659870079176,-0.202682351655347,-0.193117378947498,0.0509894884487875,0.0444269883324948,0.146598827278505,0.920982607142444,0.621121160245992,-0.174907100492087,0.420720374600259,0.525261344108743,0.610356555036973,-0.910299249109543,0.829895094248165,-0.156237098090608,-0.0189086308635935,0.227975193621659,0.558638421422449,-0.224179637527383,0.0195850107361934,0.613724901845746,-0.239322580112595,0.0208246387527568,0.0224454663974982
0.3213861524488227,0.3851901455609205,-1.05916510515218,0.711075481566252,0.802967261566516,-0.382252444242588,1.92908873480772,4.71652147207472,-0.507621002638037,1.4462109012584,-0.175370567151294,-0.520597342959406,-0.338692862514073,-0.0946409605184432,-0.0493475066305427,0.0012241101401625,1.31051311018321,0.154243532518865,-0.477412294476627,0.412517123295124,0.0925301664656276,0.0508785780226965,0.0630841312780113,0.136059742177724,-0.268070887778032,0.672450638551052,0.369406422222136,-0.509034269090565,-0.260037996314177,-0.214954660907267
-0.2529169286662475,0.8322818642136304,0.711155481810016,2.61710490740972,-4.72236322125,5.84296995871769,-0.600179298610849,-1.64631317703679,-2.78519836554505,0.540367735499417,-3.04402909749745,-3.92650993997042,2.75783745850663,-5.43735368941346,0.546878907367748,-8.39657296658687,-0.810715738936796,-3.01429397773507,-6.64248226272335,-2.58402822440731,-0.820354414754465,0.46103194379752,0.360500881641394,-0.865525509838014,0.139978107568553,-0.336237870703344,0.128449337645535,-0.155645815012462,0.799459945626899,0.392170236404553
-0.0979529099420107,0.6327729414114358,2.05249887898946,0.0429078163949375,-1.76083769915074,0.425488108943948,0.33970570284201,-0.869540446121952,0.134624187890516,-0.180185825747107,0.646447890987144,-0.355089322335608,-0.784731918935307,-0.398547269454726,-0.916917098285903,-0.647007274387572,0.31972758316297,0.380313679592235,0.511200670567105,-0.165733708245985,0.075491309490332,-0.190908050262482,-0.371536401801933,-1.04279476131397,0.333463161719373,0.455457720812683,-0.289434353954468,0.176883608025462,-0.0717574977618828,-0.0308229004364345
-0.0286452875008733,-0.1311340593756975,-0.0993143316224731,-0.111558572956734,2.307856922607,-0.623782809825012,-1.21087939721042,-0.176795579106872,-0.564977502081251,0.078973400643538,-0.751899272285998,0.157956158511319,-0.578850965778775,-0.213828616579779,1.03529915505774,-1.06631805988471,0.007238869909654,0.651363859051254,0.681777148243596,-1.16234740282854,1.45450631469888,0.2981355971222,0.199320460213085,0.680551106150639,-0.127129036964174,0.452091983846293,0.0157852939407432,-0.116559955025909,0.0676295206551805,0.0096025648608636
-0.3074128414727869,-0.61097992222653,0.287952771527529,1.72873464521162,-1.65217304572257,3.81354418795523,-1.09092715391318,-0.984744665624589,-2.20231792699069,0.555087932252191,-2.03389204830362,-2.73415555507211,2.36843367282003,-3.65680265130054,-0.169534683304731,-4.74441333023745,0.765192829294304,-2.47951355643698,-4.93111196829858,-2.54740252736051,-0.90268980289448,0.265250210286539,0.262201510185118,-0.633527564205563,0.0928910102678184,0.187612655556196,0.368708354409639,-0.132474029018571,0.57656075692479,0.309842705461879
8.086774261161183,0.0870545941564163,-1.66293711018596,3.25389242362715,-7.0404847120185,2.26645647990886,-4.17764891282786,-0.746924828187599,-0.248336733243902,1.09115651568673,-0.307137450847617,-5.56794705115052,2.71273940377591,-5.94840312668093,2.14472605490538,-4.21175592358692,-0.137195538810617,-2.63940913979839,-2.53235540606601,-0.667067027160165,0.626059293435215,-0.842178336511866,0.450381285220709,0.521161529635377,0.308325446158517,-0.318011840652356,-1.25536156975299,-0.691963403718384,0.264878381232973,-0.130444804408444
-0.1956263536645008,0.7319869829297807,-2.0642397521399,2.62973923034009,-0.748406253034646,0.694992040498764,0.418177985610222,1.39251973416781,-1.69780121912626,-6.33306461223925,1.72418428025944,-0.887241636246378,-1.59425779202416,-0.338775118165825,-0.978064513351916,-3.68882599540221,-1.48708342266887,0.526946020771924,2.34702289955703,1.69122000470716,-0.736110693106424,-1.42448619962422,6.21551399149032,-1.27690859567394,0.459861127330875,-1.05168547489323,0.209178360382973,-0.319859444506001,0.0154338685560936,-0.0501165001659193
-0.2524977293369664,-0.7925610028313302,-0.469326705102944,1.11145278248281,2.04100272504592,1.73159516277684,0.135146841769907,-0.0936251754891053,0.266155169970928,0.0829882363836626,0.58025540346041,-0.164562674892883,0.500376369958899,-3.0217601822032,0.924213260310925,1.50079377517002,-0.400282644242405,0.706047712602575,0.115114264650572,-0.0467958788933584,-2.54852159198286,-0.358708665630957,0.159387389394564,0.592669568808717,-0.0535961838321624,0.320747502076217,-0.36912075429213,-0.136604684929151,-0.100845186803931,0.03934714768212
-0.2249703067141759,-0.9296514291756248,-1.05982461213469,0.617201612150826,1.8517821534352,0.226547741741035,1.09979089632487,-0.721220190701234,0.482847967588964,-0.0594990147844323,0.682930225152869,-1.13702943886704,0.616567305217539,-2.13347977739949,2.19809101006658,1.53627660924378,-0.273821312925997,-0.0593978582514934,0.236707746081667,-0.223503129049873,-1.63792388641567,-0.0530911474907416,0.0809794862344561,0.345052980295246,-0.204335446969344,0.0213611248325531,0.338310614230764,-0.469164365114219,0.0485036666206788,0.101271953541953
-0.2934395304967512,-0.8582925081356689,0.919136507326981,4.19963266902077,-7.53560659365729,7.42694037455047,1.11821533001319,-2.88672235145027,-1.34103599607144,0.363933268353337,-2.20322443100109,-4.13784019622865,4.57011280759332,-7.62916958856017,1.73391746350254,-9.44037499459843,-0.0233533498971062,-1.23395828198259,1.63200885764087,1.3157345644727,-0.287188855297045,0.535434663150233,0.316093599204254,0.0551792270194195,0.21069215028398,-0.417917881438145,-0.91118827562932,0.466523924588163,0.627393270472548,0.157851282541588
-0.0159295745126807,0.8337856412786805,0.031673826322346,1.3874212742488,0.22185383151842,2.8727465241816,1.14974727700077,-0.43567422944494,1.41701507146334,-0.185664164047354,-1.73438846820198,0.847068546970948,-1.70677093908992,-1.103074238307,-1.0287926813677,0.456533953119978,-1.48765058873795,0.454406893682619,-0.690698180768711,-0.195383666546977,-1.66802778595939,-0.287784038491924,0.336327990434819,0.948334957589975,-0.298792782480644,-0.0310973793536655,0.162026598330495,0.222652983033128,0.0006990464582664,0.0299303080842422
0.1161182142108572,0.1079312491923072,-13.0865194204794,7.35214833905529,-18.256576111808,10.6485054461688,-11.7314764509112,-3.65916740569145,-14.8736579646075,8.81047267511276,-5.4182040716445,-13.2025771482197,6.35722736343626,-15.5316111795156,0.659694875353275,-11.4123295951252,-2.44757607431839,-9.83374302098841,-18.1746174349071,-7.269904593126,0.623796611777714,-1.37629840858733,2.7611570593153,-0.266161809571132,-0.412860724865388,0.519952215674181,-0.743908960008006,-0.167808225140728,-2.498300252188,-0.711066151912636
0.3912527073290016,0.768876514056791,-2.15085504470997,2.18791662800118,-3.43051589218087,0.119476214172018,-0.173210022248717,0.290699943542092,-2.80898761953492,-2.67935050574045,-0.556684932588288,-4.48548270396242,1.90399926160786,-2.64421945060054,-0.982272877372442,-4.69115085524464,-0.6930797524851,-2.55325078310516,-3.48343626722796,-0.0648523857005649,1.49032876283779,0.53214542192165,-0.0732053058243562,0.561496277430611,-0.0750342624995709,-0.437619179374193,0.353840756362622,-0.521338535540234,0.144464860203719,0.02658811547881
0.0190037029274086,-0.6685698845146207,0.288028928428076,0.965681439446855,-1.45949519977085,1.92186300234526,-1.91241402974899,-1.13028190025527,-2.81426265960526,0.648663224885543,-0.695262639845074,-3.46568908576121,2.35161910622909,-3.82670531942496,-0.767569849115369,-4.8528669146236,1.66486300420352,-2.61736133003734,-4.83555830647772,-1.92175160139324,-0.385884175181753,0.330916894188196,0.603127128021142,0.380690182113136,-0.0641251755885565,0.271380100640141,0.33721953478356,0.626155869423677,0.565124825956713,0.305925255390835
5.362397820163488,0.4754520142388891,-3.45712084155738,-2.53399514735404,0.664374052241411,0.572931820060373,0.46329677389645,-0.430393936862282,0.334119812813775,0.681975778910585,-0.161615785446618,-1.2174395360637,0.338968758184531,1.13754134795349,0.248948258812033,0.541127146171124,-0.273701180289573,-0.255999445963384,-0.0794774480026465,0.481210471736457,1.36132820341484,1.6555229440883,0.112417389595581,-1.14792796280836,0.718756830636804,-0.476783387927066,0.566954280934887,-0.817740162519632,0.12787610756135,-0.292984209382556
-0.2572486550688185,0.9035233026703792,0.0425551687042671,0.850857142561161,0.292691670267732,-0.580639539965924,0.383264396338104,-1.13515725119149,1.00033702925627,-0.19696109019931,-0.0149683964090735,-0.405415482109645,-0.952674080237684,0.0346006238644578,-0.190357552904619,0.152513631279906,-0.382075982768865,-0.0864326808905252,-0.394003038418842,-0.726759985991806,-0.0860316498964757,-0.0507672753670045,-0.261964011621908,-0.586068893030373,0.0742178905998857,0.0338993907706499,-0.496996795688387,0.138390746959066,0.245728118188035,0.0971163334853811
-0.1467197652483756,0.9665997015942388,2.03665679723679,-0.594319784024493,-0.76274795253039,0.0785517582856651,-0.219326454413319,0.481295119277692,-0.833139220559675,0.216690017728949,1.21502044160367,0.200714068005602,-0.636024926540266,0.192701180322566,-0.463373811376532,0.0056162596513245,-0.17050396139018,0.94684526033418,-1.18500367426591,1.02762700369824,0.541265474761305,-0.182496977284537,0.115626988421209,0.489473387246521,-0.0092140707293519,-1.34828977711551,-0.155605365978021,0.636186089338294,-0.0299978377077411,-0.0720279422961986
-0.2934395304967512,-0.0009163641490149,-0.307461384186333,0.212480474229531,2.03758403581655,-1.7628738283385,0.0096522296499595,0.0591255634626295,0.477509995625294,-0.430228378585852,1.78934468348926,-0.270630414480301,0.756779827879945,0.524778996291957,-0.368240280670274,-0.795242198140458,0.547707015599055,-0.408910739192411,-0.944610513141414,0.990033307451608,1.23182484691432,0.268555349451066,-0.104506986837494,0.400685672335184,-0.399859557043087,-0.348571657303955,0.0714100118893678,-0.794629063643214,-0.403425682384651,-0.588876129642819
-0.0690281562216167,0.3641842596835019,-1.55027271502021,1.08868850191044,-2.39338766218981,1.00873271714408,-1.0875618874048,-1.10460238189499,-2.67050327670088,0.147654676391109,-0.978625549290056,-3.51413330486723,3.58604242366444,-4.05335784837839,0.862426024955809,-5.76582302154173,-0.507511029549388,-4.92186514350783,-9.56726769048681,-2.77297411117016,1.71709526842855,0.327490457262181,0.802316031461701,1.03710478869922,0.0958154204904633,-0.320190913384423,-0.0807306312824349,0.0910116872058309,0.0249284934943241,-0.0778199786198624
-0.233633759519318,-0.2039967574807034,-0.789240890598507,0.210311369126756,1.27928818746143,-0.045218358699318,-0.890321068328934,-0.182238458203878,-0.592223517074965,0.523408557929363,-1.34463295728019,0.439094717990541,0.351015808483857,0.535862932552605,-0.115789456768758,0.155904759071877,-1.11679378159287,-1.88740748847212,0.507119981546869,1.60969116744194,0.521757309529254,-0.507234321309488,-0.228811466458019,-0.210905551638527,-0.0443973820974876,0.354887143609933,-0.543777415888905,0.377051686457623,-0.0863581090328444,0.0663780159117953
0.0413610004890659,0.4888097839495295,-1.15238960435267,-0.876008742276048,2.04064222141637,-1.67502598874185,0.0560921772574015,-1.05479106824264,-0.57663988871734,0.175778767399485,-0.748518264171255,-0.177016754170023,-1.11130198080102,-1.70348342946095,-1.6032791226438,-0.16302093372803,0.248433663772636,1.19060832549036,0.312739271736537,-1.19889553986407,0.635483307663327,0.26406828742385,0.0225793422721992,-0.401356023000756,-0.0167082896033342,-0.0880943709463405,0.265180911338426,-0.34056382363281,-0.0043202600650423,0.0747570967832027
-0.2824006148256829,0.0708302494155241,0.129209289786577,1.08693726069122,-0.392727112980141,-0.548284468475958,1.24504379355598,-0.175223228307605,0.753533942849477,0.0069433228868121,1.00776880212171,-1.04187927657273,1.67469099255242,-2.05975815743752,1.57536304362587,0.606634631552114,-1.59867833173611,0.547704012562729,0.775163352204535,0.586804370936772,-0.0773999171617031,-0.0151684232008992,-0.460164275438989,-0.954857492409723,0.0530998575145893,0.0551060871136906,-0.443294918143116,0.083890958209985,0.194879495265929,0.063245183050097
-0.2376860197023684,-0.3930027373441887,1.13912414563176,0.0941726342021297,1.45925656776282,1.40445826460199,-1.01560892965329,-0.363076755282075,-0.462468515950865,-0.0103813262425945,0.656925642331277,-0.241395224936348,-0.257320794451876,1.3388647975402,1.38165597585328,-0.62070847203771,-0.0012758619517875,-0.0845447287120261,-0.209202461818766,-0.343413968578216,-0.343035214463491,-0.0639580678336406,-0.0272829968610425,0.205468449383911,0.0225396183661344,0.747712340598513,0.420181251834576,-0.433136930804683,0.083016711364243,0.0437848019937744
24.69084049465521,-0.3920981214534945,-3.88155203190162,-4.42335547681941,-0.287859919350045,2.14216687019826,-4.44889588644504,3.45453902308266,6.04707056288691,-0.0547678776169007,-1.52113233881333,-1.72001620701679,1.56665433681401,-0.278979259745878,-0.732787720839675,0.848172740603839,1.59028793629067,-0.0618568916506885,0.0913659988723272,0.53690370074901,-0.0930629203306755,3.99581528289518,1.0503477687814,-0.30057658192853,4.18152258396714,-0.560009329148425,0.618287441638902,-0.438524455659098,-0.511790459248773,0.211637590679092
1.4951442744358276,-0.4852383134200355,1.08431957478692,-1.23784191639971,1.02265946077099,-0.508855357581491,-1.73841405975337,-0.145324472416072,-1.14165352521081,0.163718257448503,-0.265756237467023,0.641559014638615,1.01908199396246,-0.138988508451162,-0.512539404426382,-0.353813337143981,-0.251046960333114,1.42876665870382,0.103151144892068,-0.421137479055251,0.716559132099142,0.283278663363558,0.423218773950902,0.95620307495194,-0.212340765828417,0.38151191877806,0.360232775068221,-0.0744920089565356,0.0191016950485883,0.0347061591054809
0.0417801998183469,0.0882881612800902,2.0609134602412,-0.0452646151289366,-1.24502001850786,0.467785669610807,0.272955410580402,-0.67504913975275,0.0875408596087538,-0.346157358410449,1.88279620306323,-0.313103643667323,-0.383002435881518,-2.32263624294373,1.74346834656987,1.69556040222204,-0.586838204337252,0.0180621174949553,0.251604284772483,-0.441850863689144,0.127980176958466,-0.209359893015817,-0.466811301144482,-1.00966399705319,0.252735731992714,-0.776380647767963,-0.254483357282236,0.203674627565193,-0.100136207557558,-0.0701483646150252
-0.2934395304967512,0.0802641008470494,1.95485173775774,1.63005630331209,-4.33719968092597,2.37836729179698,2.11334786136033,-1.58385066673113,0.65374545254113,-0.192892012453504,1.21760825458778,-2.8290982053899,3.50456779253823,-3.9181998797616,-1.01579192974001,-4.7045087050312,-0.968553075532043,1.85477191713001,6.02439676670687,3.53125033477791,-1.1962847755939,-0.230640095367639,-0.474437304644058,-0.974624666273666,-0.0481545042172499,-0.0235242678879109,0.362192024107476,-0.570709266940076,0.0256187202949634,0.0818803891570235
0.3339621323272549,0.8012547139886512,2.01891190400711,-1.15931551427347,-0.0771732696988623,-0.730463727884444,-1.10372836688812,0.611015081307585,-1.52004760954644,0.246280623785184,-0.0788537601613346,0.974994211595299,0.390702683639536,0.865984983888384,1.57303258872864,-0.457952810098465,0.629525583420704,-0.12377142622204,-1.17728868288162,2.3812616880485,-0.918885131922709,-0.373259746150859,-0.079113663472967,0.22937356667669,0.262864260911965,0.21593381812739,-0.644795754901755,0.573812264164906,0.0103651229550177,-0.0294899011485383
5.142178439181164,0.9921404151834492,-1.92788332105459,1.12565266367046,-4.51833064132991,1.74929253346589,-1.56648729197754,-2.01049423115212,-0.882849830858081,0.697211109261327,-2.0649452874475,-5.58779378195338,2.1157951772133,-5.4174240819973,-1.23512263142388,-6.66517689463338,0.401700686738171,-2.89782511671737,-4.57052943365069,-1.31514721385427,0.391167040935071,1.25296673470361,0.778583978950071,-0.319188818860513,0.639418961153121,-0.294885040380029,0.537502535542985,0.788395056528708,0.292679966295281,0.147967928722538
0.1449032348214909,0.5462352706211304,1.9684297023574,-1.27144645752156,-0.699590000334035,-1.10608076332783,-0.443246733254294,1.19860674223411,-1.34356957143989,0.476979861152181,-0.050116210327229,0.771346726922742,1.17265553208713,0.144376639949739,-0.264594099620052,-0.136627597613025,0.361328209696613,0.531687313462312,0.66995565044128,-1.93228696807265,-0.285315245125788,-0.0973442259206069,0.445966323630504,1.39225918367354,0.15790336014885,-1.38762841044079,-0.385226158476366,0.0123634878758137,0.053250578537137,-0.070389137942838
0.6902815622161672,-0.7433475487259014,-0.580095954979127,0.238576219375973,2.68876538732243,1.73978889946717,0.049079908168532,1.30278313542476,0.29223813958668,-0.0869014745791023,1.94429000699225,-0.269828880314699,1.63541847342056,-1.39969629937358,1.23691031410574,0.41834609047734,-2.74390379935962,-1.61756638480668,1.40136911184436,-0.341074242170258,1.4044120622817,0.0203357504777291,-0.508286666648229,-0.404467355847903,-0.0948854737650674,-0.0181842316862283,-0.508967502755377,-0.559648987756553,-0.186688680713506,-0.341932370707664
-0.2966533920212394,0.8219668934080523,-0.679520574101316,4.67255275192187,-6.81479843997791,7.1435001202707,0.928653839059275,-1.87301315334323,-2.30668902092068,0.993701927710531,-4.94405415592679,-5.57641879575659,5.78365443891613,-6.11770391144604,0.61416484095298,-12.451498657048,0.42715247782648,-2.2558538072409,-2.12802655387511,0.706765028987081,1.09382579750391,0.872005531266124,0.566848531943877,-0.321691497752809,-0.281324568300744,-1.12025603826283,-0.0733943446607603,0.553530429860346,0.760541928111246,0.386741821030101
-0.2935792636065116,-0.0410366663142189,1.23821812956144,0.314746643090705,0.195139857111234,0.497423685031031,-0.131756055982734,-0.555104953334709,-0.008152157388361,-0.0489870112395105,-0.240570455725086,-0.119936970864833,1.37940921748408,0.941604100287166,0.436188955653247,-0.158072994795551,0.39133281437556,0.759450111220829,-0.388977846646861,0.273993242446251,0.213509177388967,-0.045434670549576,-0.255242363448045,-0.758038012952782,0.074173557728095,-0.0304659850009392,0.238133873275718,0.0966017125730295,-0.0256178337667834,0.0176871874118269
-0.1537064207363934,0.450968643898542,-1.07381997038354,0.415616496914758,-2.2739767978925,1.53684419661661,-0.758696869170268,-1.67038051440345,-2.37713981352061,0.0903704457603509,0.0048472639499715,-2.77674714436829,1.42841254547618,-4.48267863575862,-0.709519384951049,-4.61013844047447,0.621338168687942,-4.60271264488365,-7.52418833345318,-2.55710412229741,1.31912362938259,0.22705062109278,0.535541841818562,0.863591564127184,0.45074251609585,-0.144227844430684,-0.20560879925391,-0.539072772653385,0.503418437647693,-0.237807129664846
1.4326835743729478,-0.1070383815599337,-2.86636370525907,2.34694943137396,-4.05330668845935,3.98335888025187,-3.46318571327039,-1.28095301603103,-4.47476383461874,1.21665528478137,-2.30982869782019,-5.51550707258062,3.04839203447565,-7.12825076846601,0.0059558009251745,-7.49518733635876,-0.25108802193356,-7.5680148993231,-12.2236328477344,-4.89517519350497,2.52496746940249,0.270013154062001,1.04973156228305,0.475840283409025,0.404480059350581,0.282029789710327,-0.506901095688855,-0.371741093052833,0.615256964379468,0.803162841917988
0.0697268217704184,-0.1942691995911606,-0.67909047091026,0.876237824974287,1.5525131202847,-0.0642163833149474,-0.0663192133836506,-0.912045269362297,0.877967781648527,-0.227314004748712,0.106851968833339,0.229881429732592,-0.466716941954218,-0.699485760917119,-1.04295119725254,0.0703131254711122,1.02225446692557,0.159482825742597,-0.453196952526633,-0.257162975194472,0.0038995129983538,0.221525401231482,-0.330271435104947,-0.669783782357968,0.0801143024503281,0.326675615552533,-0.174571330066373,0.0558123350853365,0.2213641861862,-0.0532259683063968
7.836931460909663,0.6006414549043104,0.978617006874547,-2.35791534455742,-1.48791460919684,-0.286467402130626,-0.992844049335976,-0.424978084403295,0.406103270761261,-0.296018902903122,1.51682787172882,-0.773612581933874,-1.34622089110926,0.684493145631151,0.54149589903606,-0.0910498701410147,0.216131420122009,0.0333114002550364,-0.362609302625279,-0.531721646695373,0.778860215307935,1.02404527203236,-0.123989666653435,-1.43592566624307,-0.126326882334864,-0.616542010557428,-0.724660575144167,0.176648459052788,-0.152401749772877,0.0437178132463409
0.8370013274645428,-0.3398653649596447,-3.31729588726887,-0.336706100522724,1.2698787617498,3.21366025756968,0.59257161386959,-0.465072166795972,1.10455162456324,-0.822080386094324,-0.597088111513134,2.08239784996501,-0.277360528537929,-0.980254694654778,-0.394390179510427,-0.24639679409534,1.67578494049411,-0.0675746731994031,-0.208073878845984,-0.190734099765132,1.19709995751319,-1.27755641452989,-0.586660361503862,-0.120180656733833,0.28714906092981,0.408537580699088,0.238850631084032,0.0538937757058022,-1.36689237548431,-0.155926052238077
0.3218053517781038,-0.1394283297501145,-1.11149523246612,-0.257575207100777,2.25020963478583,1.15267090326627,0.432904474488939,1.25412602800986,-0.58416279009186,-0.609681605347911,1.01460246273104,0.334532824069685,0.82637484441332,0.196886900487791,-1.88599349809323,-0.472025637126337,-0.578141395688259,-1.24300710102788,0.570459827436018,-0.159056766164096,0.407187527410462,-0.510613591931657,0.862912790109336,0.927825035064447,-0.343058085886885,-0.256268230425974,-0.600742165862083,-0.18033128765631,0.0267622260788268,-0.358335321215398
-0.3074128414727869,0.2112219363479364,-4.99175779387947,5.2133398229232,-9.11132629809104,8.43198635177602,-3.4355156720863,-1.8275651016855,-7.11430284412379,3.43120663145462,-3.87564287029742,-6.86850850672582,7.15062516950116,-10.2629840447185,2.73308493575221,-10.1275247811671,-0.262783621001749,-5.19027103814098,-8.6557110398096,-2.02444347438745,1.5604792800844,0.0981321924634143,1.18942283937597,0.247858476295777,0.294448330047117,-0.548503502162266,-0.174616566570794,0.406702503092405,-0.40233927269736,-0.882885795448957
1.0897785230210295,-0.6752076504658184,-25.2663550194138,14.3232538097233,-26.8236729135114,6.34924780743689,-18.664250613469,-4.64740304866878,-17.9712120192706,16.6331030618556,-3.76835097141465,-8.303239351259,4.78325736701241,-6.6992520739678,0.846767864669643,-6.57627643636006,-0.0623303798952992,-5.96165987257541,-12.2184817176797,-4.79184198325342,0.894853521838799,1.65828884445902,1.78070097046593,-1.86131814726914,-1.18816729293127,0.156667050663465,1.76819198236914,-0.219916008250323,1.41185477685432,0.414656383638367
-0.2934395304967512,-0.7490806987864049,-16.3679230107968,9.22369194937548,-23.2706305232856,11.8447765860728,-9.46203714585895,-2.45044437416398,-16.9251520440555,1.38420847895884,-6.28773594816964,-13.0027093010697,9.69146098207319,-13.8865951585248,0.838361375836116,-13.5170724083842,-0.377910607106286,-7.85568149439455,-11.8038151924676,-4.76102594206856,0.618624412799665,0.993584598744375,-2.34367359429797,1.00460241382139,1.18821215709493,-1.04718376839983,-0.0355727659827232,0.664899774367373,2.12279575423083,-1.41674061492574
-0.2446726751903863,0.3698469201940812,-0.631601613218464,0.988948923115211,1.22825561841503,-0.487471962583188,0.580646546613514,-0.275728579788286,1.0798154278707,-0.166882721402705,-0.377153268868481,0.04749697993472,0.468937752955202,-0.379821284987675,-1.5416466056688,0.421904208160884,-0.186018781847846,-0.23106643259566,-0.356926429024498,0.133309500385159,1.42719394668162,0.162237326551112,-0.351701861664638,-0.83435518719945,-0.360043006918036,-0.364288923441164,0.367849238338254,0.442916238232932,-0.0880080592617966,-0.131475569154205
-0.2438342765318242,-0.2011536789670931,-0.530913887126929,1.52034179072715,2.01121795327145,2.05706260851023,0.581608777200114,0.075056237745023,0.861307086482223,-0.0761993688715037,-1.75877357472879,0.257566398619765,-0.791990647836601,0.154246916494398,1.63857583997089,-0.1117296698199,0.637073507745737,0.408104062599126,-0.605489753014483,-0.0678441735709551,0.0641203564084655,0.150636474147165,-0.0294640224960025,-0.0827181490159662,-0.344676849483718,-0.093219902827782,0.364332291934984,0.0851463651175033,0.0590979420778795,0.0771535156364883
1.0621113672884792,-0.2227939707938298,1.22761441351286,-0.668973794096954,-0.271784826118016,-0.589439741635524,-0.604795004349645,-0.350284967097775,-0.486364540645055,-0.0108086285956747,-0.794944156080669,0.264544748886681,0.881268050432366,-0.324703760782435,-0.263263800489225,-1.11273543930467,-0.540849503339651,1.53341124817574,0.831442610720144,-0.473346676550517,1.19012126352217,0.273799209937263,-0.0260547222626376,-0.295254768133076,-0.180458520061445,-0.436538663158256,0.494649059264358,-0.28373826696629,-0.001128278642713,0.0350745013143425
-0.2624187801299518,0.4807387304832058,1.88961791435199,1.07309853428207,-1.67801752213825,4.17326819444992,1.01551580609762,-0.0093890345376856,-0.0797056036973578,0.0640708218352963,-0.714516675807338,0.0422275201898101,-0.408402781057003,-0.929370065771482,0.0586863166856154,-3.51284546122181,-0.164612974126633,2.06985302474878,1.7333815808837,1.58075796212324,-2.33518537609962,-0.15357026465285,0.203727978494943,0.733795720552592,-0.0365597489616082,0.334305770703597,0.147171035637962,0.279556488222951,0.0316687807243937,0.0358833226413502
2.6205547404457485,0.6421480515513575,1.67056022180189,-0.300415844259686,-2.06394917895984,1.39912065501136,0.396328068967237,-1.31214619000754,1.06456762035296,-0.546049125003902,-0.130587189015772,0.280346831663118,-0.813793138119442,0.02291384759899,-0.349972243094171,0.914379873950137,0.28896763649057,-0.411691879793277,-0.385418026753357,-0.413502163466541,-0.493114038285781,0.108786865492096,0.243551688084616,0.34767074155853,-0.192852281326845,-0.080922064002164,0.38330841185579,-0.497816893280159,-0.0694674264232546,-0.0295453661142535
-0.3074128414727869,-0.0057331500605035,-0.937843305478391,3.46288948991687,-6.44510395393435,4.9321986662268,-2.23398306982245,-2.29156112129773,-5.69559392853253,1.33882463362261,-4.32237655329329,-8.0991193981365,7.18296700883659,-9.44594338249901,-0.314619967520224,-12.9914655817567,-0.136358931959623,-6.36752437517144,-12.7343938853776,-3.84512965889743,1.00766725992114,1.12953228130351,1.06655024941577,-0.521657289347299,-0.319917292909547,-0.405859088093617,0.906802159957716,1.16578389011737,1.37449533233535,0.729889341911333
-0.202333542932998,-0.3294446598291803,-8.7620833940977,2.79103028235041,-7.68276685719257,6.99121396498416,-5.23069545140333,-0.357387950702527,-9.68562145610769,1.74933494530821,-4.49567886484426,-7.86450647898838,4.77414774007074,-8.24589788162945,-1.33349186005079,-7.97425052332349,-0.39879894749855,-7.24434047432354,-12.7600939511044,-4.82474022298701,2.83699299496563,-0.460389538640294,-0.0905267878788197,0.34858962816605,0.0511323900482543,-0.41542987238242,0.219665266254896,0.330020364891881,-0.0282517554687547,-0.156270272972183
1.0899182561307903,0.9132038675266392,-2.59304346135714,-1.41670421041613,1.78918628133456,1.18801208830107,0.546135117821604,0.457847621404887,-1.48105612271205,1.2216624766449,0.22605164046554,-0.363224215472133,-0.367739704779641,-0.458500815731997,-1.53875128087809,0.503499360751349,0.871712357011039,0.867870396238053,-0.610093321707316,1.97606366773216,0.711474786547365,0.801151479319913,0.474218115360142,0.466453991854416,-0.178256810686613,0.143724929755813,0.440496309554796,-0.300467221828824,0.255907799033004,-0.217195866574121
0.3282330748270803,-0.5104500757762662,-10.9407391093978,6.26158585106885,-14.1823387841287,7.18360208606589,-9.95136334372547,-3.86082033664669,-13.5473021949163,7.09647164642187,-6.29402944276594,-13.6081431627279,7.12716532148781,-12.6110036871047,1.21455639781013,-13.9062968240505,1.51406990634864,-11.1257390593549,-19.7162573051191,-7.5527890897252,3.65678707068496,-0.0883420818722748,2.26744826134981,-0.492029167950335,-0.239302865923644,0.454368210214217,-0.101611062526814,0.446996732737119,0.062292646721181,-0.439769899530758
4.643750436665968,0.0011395810571082,-1.43086372778891,-0.802528699267131,1.12332029999445,0.389760264731692,-0.281213534404278,-0.055123492429819,1.32623248909333,0.195699815379613,-0.546889550453909,-0.71347376073502,1.27462907751277,0.0236821347785728,-1.52169610821701,0.727242085814848,0.166504662441577,0.348037591565135,-0.5663900830288,0.216016101767291,-1.14037564250718,0.634184289933654,0.325575470468413,0.0140018451191784,0.844946015847872,0.114962884542335,0.156364810543393,-0.619437446641754,-0.120351072821334,0.0355941733717493
-0.2797456857402361,-0.178138840916834,1.26031482123189,0.259134508308965,0.513912367756039,0.618944790696665,-0.467013650132454,-0.987454594297394,0.071021008804021,-0.21287459032603,0.0254111569236964,-0.0696523265721892,-0.197196984544848,0.437789323354986,0.447233067037471,0.212948238871774,1.01776391387645,0.297884025961251,-0.432040683367641,-0.557046040939731,-0.118278260461124,-0.0843301454131835,-0.256094863003037,-0.734532037598839,0.13421109176017,0.378340142406623,0.222397617750293,0.094401404077096,-0.0282388557043515,0.0192908443302829
-0.1841682386641514,0.9468508793571352,0.0829174568294026,0.805891574906245,-0.258357849306647,-1.03563943679697,1.20671783650775,0.0990182084291665,0.931993800407445,0.0140383802730105,-0.313506604020099,-0.273223488615499,-0.296645988437234,0.740613778258969,0.822667688190618,0.101239374802762,-1.02774833087883,0.416491010984062,-1.14167661495026,0.0285190325940408,0.646782702155937,0.064419964426643,-0.282848631122623,-0.635049166905801,-0.101507245833543,-1.43503472903035,-0.326204018513079,0.208948434640877,0.247186212205322,0.0744757473949536
12.622231537762872,0.588317531925892,-0.967767136663499,2.09801863238761,-5.22292946625656,6.5145732431847,-4.18767406818961,2.11417834963073,0.948701404286247,-2.44842689476182,-3.20366608262076,-3.07403431268054,1.05148630261883,-3.47486296690245,0.573371300323787,-5.25425346321937,-0.32638832674693,-1.84859811431832,-2.42153561881163,-0.833344853245289,0.952141057235768,1.14720392040776,-0.843268389452352,0.796738518044592,1.31431234652212,-0.352886653077338,-1.77070558031979,0.0981333585610556,0.95676878112918,0.162777346229732
1.0199119681408508,0.7506902101763414,2.13119957020031,-1.79886212794725,-0.84251737606122,-1.76889609802588,-1.24949353490927,0.209455336627431,-1.43048491678521,0.0975551519668758,-1.07347914606704,1.66154350884157,-0.268868055072248,-0.642245426154122,0.0328279180809937,-0.324729407871124,-0.435363821316727,0.244750976406507,-0.173005788071535,0.677041658782297,0.464076310134713,-0.2688728499455,-0.376094998318376,-0.838504500773429,0.262324164021235,-1.24055509659917,-0.560041215773164,-0.43715253513178,0.0169032400453033,-0.0436570695207709
-0.2934395304967512,-0.9066483393836864,1.23423504613468,3.0197404207034,-4.30459688479665,4.73279513041887,3.62420083055386,-1.35774566315358,1.71344498787235,-0.496358487073991,-1.28285782036322,-2.44746925511151,2.10134386504854,-4.6096283906446,1.46437762476188,-6.07933719308005,-0.339237372732577,2.58185095378146,6.73938438478335,3.04249317830411,-2.72185312222835,0.0090608363953452,-0.37906830709218,-0.704181032215427,-0.656804756348389,-1.63265295692929,1.48890144838237,0.566797273468934,-0.0100162234965625,0.146792734916988
-0.3074128414727869,0.4812791503659582,0.224414466674279,2.99449857558056,-3.43245819570533,3.98651893184362,3.76023294891974,0.165640145963465,1.09937770884947,-0.654557103379097,-2.43541565257984,-2.27673307339047,1.84607851719332,-1.96119460001748,-0.851166387195622,-7.12231638408937,1.01960490036808,2.13101467212875,6.44364914460203,1.59253819138457,-3.68190355226504,-0.20084628074101,0.491337124801356,-0.984222622736636,-0.421979358037133,-1.0480578940284,0.726411519627846,0.26862463804569,0.283689474052924,0.419101636371901
-0.2909243345210647,-0.3714329350673762,1.29623080363477,0.417447287721689,0.193963067987499,0.901644194576026,0.13053136701763,-0.371634020776762,0.158125823740231,-0.202668656827626,-0.0795117562857989,-0.0450882478448673,-0.876737591678351,0.687487636238951,1.5747177026257,-0.0077912302905812,0.948315691837591,0.37715383740261,-0.868182736046053,-0.0671351121445059,-0.0644929660672327,-0.0295593500917474,-0.112113509551068,-0.2200020323662,-0.121021883862135,-0.440454448442227,0.671540040565908,-0.413518433654353,0.0328380408333744,0.0206001971066775
-0.3074128414727869,0.8127797554012618,-0.613695895305449,3.69877241384725,-5.53494116176501,5.62048638535855,1.64926285038792,-2.33514498091385,-0.907188472777421,0.706362095310651,-3.74764612466131,-4.23098383571181,4.43631907416962,-4.50380121641622,-0.954361345864011,-9.86137210765166,-0.505329037399437,0.269281953090911,0.591319064375358,1.79599192045908,-1.08520791024384,0.354772932978025,0.319260753518317,-0.471378905146116,-0.075890410682347,-0.667909264857987,-0.642848415713801,0.0706001067101182,0.488409527815439,0.292344974289491
-0.1830503737860686,0.6901631833080746,-5.25643383358625,0.364541282922338,-5.41208501568175,2.40003149118237,0.697301198779903,-1.99875502849663,-5.83553244176087,-0.887739383363895,-2.82828664079509,-4.61450773315675,2.71069667870109,-3.15815569757752,1.0836091478793,-3.41515194777416,-1.05387003179712,-3.75103073303678,-9.26164098662644,-2.95516522195402,0.606570797159568,-0.403684910413759,-0.648259076792221,0.511284975320154,-1.11004452267604,0.178986970607497,0.22023534750991,-0.699808550320153,0.580486716857456,-0.173629869645159
0.0417801998183469,0.4452824868713213,2.12860859794224,-1.07847231665329,-0.470143863897672,-0.744772577257518,-1.30732843176572,-0.804621319874101,-1.04164147713822,-0.085492818706769,0.277046836521459,0.755906866085214,-0.936109852160964,-0.96271948978244,-0.736885841600006,-0.288631963374735,0.323357520155405,1.13500693378893,0.248281015645474,-1.12382460043143,0.373222265856356,-0.0745664297699479,0.325576134983527,0.963812823403762,0.142830531137551,-0.0004414751524006,-0.202186080190814,-0.0829089497656625,0.0051580355298828,-0.0482120066045052
-0.2934395304967512,-0.4528131204548926,-1.34650881762975,2.13243062687771,-1.85435531823997,2.11699770636107,-1.07037837875552,-1.09267135682306,-2.23098606430574,1.03642490791919,-1.89551573571367,-3.36401057980002,2.88704787664695,-3.78445965821089,-1.28890425847532,-3.98562600822203,0.531838297985603,-2.60370264991872,-5.15759639749234,-0.696010004579956,1.28596139472532,0.221918669151309,0.609508181503446,0.202874284952422,-0.0607913872259794,-0.186733353366053,-0.0174012274970924,-0.283751034119116,0.395451049081013,0.233138575967241
-0.2934395304967512,0.7582795850515162,-1.37097577264543,-0.0254646126717458,-2.77490691587532,2.65053018469314,4.5113092908958,-3.28934368164807,-0.118841441826044,-0.0142794452575209,-0.932772843574534,-2.63744174460075,2.85877650156878,-0.553179939159781,-0.758491998019469,-6.45502910306118,-0.154020882316443,1.32383297549701,5.5802092523309,3.29368759380439,-0.13769358207354,0.701291826581395,-0.0480610880626297,-0.59935003028155,0.0721929949962486,-0.600351420040195,0.371330623587411,-0.370950985387369,0.0119702494393591,0.145895338821258
2.293439530496751,0.2890776442392415,-1.00061051985933,3.34685000184439,-5.53449117133595,6.83580203854396,-0.299803293657807,0.0959512989990878,-2.44041927394713,1.28630119597073,-2.7664382829404,-4.45800770078481,4.69653339192897,-8.76211333956078,0.985826601093264,-7.32027202211023,-1.06384045772504,-3.37112471078725,-4.25115786762875,-0.43005729986925,1.80401333906519,1.18981379228675,0.439756764345897,-0.694099203587273,0.299660329499667,-0.657600627722995,0.101647558980344,0.430457439169415,0.824685450418745,0.326952273050223
-0.0279466219520715,0.6115203421092823,2.25297644283971,-1.2664445991573,-0.702883421393671,-1.36614913235103,-1.49394290390058,-1.239705111107,-0.934157694124651,-0.354789302617609,-1.36536308010306,1.55149288235779,-0.466481099770159,-0.272150877178457,0.977565096677467,-0.486880892994195,-0.278492002986442,-0.842414734623262,0.695919806295802,-0.460565537849658,-0.366865676475495,-0.415187779315227,-0.12508342949221,0.197739462026328,0.275212826212376,0.401802682702481,-0.217871412793244,-0.186099357673765,0.016020432566231,-0.045396248447938
-0.2934395304967512,-0.0689975211174943,-0.282257017591882,0.755095271936436,0.514448302298363,-1.43299375387443,0.512196645079396,-0.517037143592359,0.66824044499902,-0.113436330795617,-0.222229090290438,-0.303913679437696,0.497094945516798,0.652993135907891,0.399433154605349,0.159902114134579,-0.463205658612439,0.769819493917843,-1.18977318291786,0.139742206645629,0.104044549905726,-0.148628295755808,-0.0079883706013727,-0.15774141639566,0.0728269141376374,-0.45913592958233,-1.2661827266824,0.496574948482903,-0.140556104631478,0.193088451505069
12.791308600572906,-0.2608583277529106,-3.34776534683071,-2.197817696497,0.0991230620355126,-0.183352859711386,-3.88925415874766,4.39719002925298,2.11217556520991,0.415483722329675,-0.722842333620334,-0.103749538788947,1.48739794191989,-0.166087003460686,-0.490168197647886,-0.49539831993068,0.576862391555432,-0.0740768532641059,1.9127166203349,-2.53991293719388,0.994643847444555,-1.08204947946259,-0.247695109509965,0.741693325568597,-0.950811528569331,-1.15667504216029,-0.316986059571675,0.0106545028749154,0.182441987882776,-1.08464587186253
0.2204988472018445,1.0005404198827523,-0.549865732703982,0.263348910464769,-0.921411671304786,-1.37657361100519,2.66223608863783,0.565790243837609,1.17422133180808,0.219374901127989,-0.739374913723196,-0.775975003147073,1.03397581473761,0.844909182776292,-0.112041195712551,0.930389331457199,-0.274676787269026,-1.01246709869887,-0.203437013911093,-1.14760676763308,-1.42381462745254,-0.133281174673871,0.41813711174948,1.11581110553594,-0.0115675167891906,-0.709254610082915,-0.435769794639312,-0.344493643309919,0.180350252283891,0.200931341165605
-0.0208202333542932,-0.2779520436095349,1.13881401367183,-0.39095779476998,1.01056653846459,0.372995819391107,-1.10415302807249,-0.264513397543952,-0.639146148763482,0.140501451638666,1.00541625238063,-0.322099311529592,-0.323110453741274,0.155760068405375,-0.832933108779412,-0.160666031465319,0.444701879017887,-0.323775685123427,0.408035896178146,-0.783489351864099,-0.339752370174936,-0.141545261726205,0.0822454597499157,0.426696681989654,-0.0056031872359327,0.496324517843093,0.205330516850551,1.16206544123984,-0.0348656617355532,0.0093930845310012
9.905121218472718,-0.6631891822037383,-2.78724793061533,-0.0713403777285035,-1.50528777523306,3.36177713733967,-3.35742166883665,0.565834734346537,0.303653111125521,0.966914484943676,-2.24588195188782,-3.65142656863483,0.987277021963291,-3.83478156926117,-0.961354142524746,-3.18216808481143,-1.1260022842247,-2.95430081252595,-5.84121800175148,-2.91043029785417,-1.15585017273094,1.60739677185147,0.882940442444742,-0.246201930041865,1.75222678458672,0.219924964544368,0.15628169505776,-0.265894317684036,0.220694023253282,0.256076869786525
5.998323202682876,0.0294881283849669,-0.41982017420894,-1.15597800832635,-2.09251550244986,2.78675032975706,0.736296592040403,-0.167291965690249,1.60002746290919,-0.117426851332358,-0.796953814299879,-0.133950251206468,1.03303201224459,-0.284367998317494,-1.20827980965211,-0.429211904447448,0.248945360461687,-0.928921529997167,1.67998551904683,1.31533886586358,2.22616065557659,1.27535802653094,0.48063971759843,0.533516931196614,1.28464540597639,0.516131270391061,-0.60294109971583,-0.305023689896282,-0.0213631449369425,0.129096385608294
0.328512541046601,0.8829051093175436,-0.408110816961726,3.13294449795257,-3.09802976350239,5.80389261500645,0.890608919007457,-0.501474323471098,-0.440054283341639,0.591828268527081,-3.26769325879204,-2.22307032799021,0.757063214391669,-3.5018037792943,0.246742224128631,-6.0656218797665,0.339583134189158,-1.00572315400358,0.334315623693923,0.421261362446254,1.24714263088632,0.499567913131525,0.0984823222449585,-0.538374705312947,-0.217988987498016,-1.04265661749863,0.314388820647828,0.54324357594221,0.233851015408581,0.119603460907874
-0.2005170125061133,0.7000552168141073,-0.226552916329779,0.421507011487675,-0.0767176554879934,-1.99048106605031,0.658809214704238,-0.173658452060979,0.385441550068903,-0.404798043440942,-0.552253435678705,0.145702704751216,-1.00413641928174,-1.18102434059319,0.506376914626853,-2.13789084717825,-0.157170631679716,1.36736988868916,0.723068756456654,-0.736238303848388,0.507035016954337,0.115953033690792,0.128777464886112,0.353392109566875,-0.21989531316105,-0.0567945810429155,-0.124208518244181,-0.304869191651794,-0.65570571144041,-0.12205456258134
-0.1354013833577866,-0.5583359766914555,-7.92389070083426,-5.19836019923329,-3.00002392240282,4.42066620155728,2.27219396451756,-3.39448342909715,-5.28343533467969,0.131618922476372,0.658176428693037,-0.794993881662565,3.26606601582438,-2.71918495125522,-0.124103963275087,-5.274865818881,0.638575002552638,-2.99583037811248,-4.69843344927136,-1.71187122467509,3.02526099185501,-2.16981089222224,-0.734307916555449,-0.59992625988411,-4.90830117586834,0.410170234644792,-1.16766024989313,0.520507647303451,1.93742140287106,-1.55259283870249
-0.2934395304967512,-0.3383733361529153,1.27586488606472,0.559327115640763,-0.958154708648086,0.735239289218614,1.1592586404838,0.598422070242098,0.112994963153372,0.12388737186194,-0.301512782841675,-0.453045536740936,0.499735333003536,0.412249977073207,0.663091112911568,-1.02996749338048,0.682406145952787,0.888944196547436,0.044052535663676,1.01557258900574,-0.0036299558924011,-0.0384893910975109,-0.0806081147310298,-0.129571984864067,-0.321781660174277,-1.80560846380045,0.835937382078925,-0.209788112587968,0.045534157034216,0.0211985763339394
-0.1931111576888143,-0.5358615585239488,1.04353079076916,0.111252448592084,1.60396398234084,2.7548394989088,-0.877876337292051,0.41117039743878,-0.694628034067956,0.345126331829463,0.255105837823682,0.478519813660264,-0.635331429286524,-0.243534222168001,-1.16979143691001,-0.139370076477344,0.0504178519497116,0.287655455957663,0.0465292340260164,-0.614906096200114,-1.31812176565598,-0.262116327491194,-0.0456413315458037,-0.017145399782986,0.122197648311067,0.371126856737797,0.140225660250783,-0.0311749374562299,0.0508969047469144,0.0346184715357219
-0.2048487389086844,-0.2962793265898331,-0.73953827083057,0.46213127366167,1.80417654761616,-0.277782542209406,0.79578045254057,-0.43702101599753,0.875855387378131,-0.190694183202352,-0.119273126040899,-0.712680782165057,-0.52117019302944,0.46335325215994,0.33375187918547,-0.434745101204097,-0.706913248728829,-0.647124665562938,-0.0264945335441089,-1.1420870666663,-0.675999456239431,0.0137914579243846,-0.0669830338682331,0.0750723619944878,-0.227202787938197,0.125365287483379,0.154537439631543,0.215597043608736,-0.118621716565944,-0.127450613458531
-0.1467197652483756,0.5258872872096712,1.962443309736,-0.454530363068335,-0.239458137661801,0.530960048348183,-0.839993904540606,-0.547716788940188,-0.642445821044599,-0.0126092748394911,1.53986322998311,-0.160620259592708,-1.01803043431028,0.252931593623516,-0.365176304066967,-0.0970974100379777,0.573558638243722,0.0364507874658505,-0.413423865205534,0.16534554731911,-0.303251622534531,-0.255483165348472,0.195382040172967,0.802718543772017,0.130307644368618,-0.000821233208675,-0.128852601032814,-0.208656541792353,0.0415331863229505,-0.0375577721404783
-0.2000978131768322,0.1652157567640597,-1.44791032291395,1.6271892791634,0.82173237277295,-0.65719232599507,-0.0829601820173103,-0.722402884953331,0.184382214105266,0.247377374965635,1.76891946451906,-1.49267858693539,0.418755606388929,-2.13926379023296,2.26420211747403,-0.0043434789332473,-0.336037029813496,0.499609314166945,1.23935899833049,0.517426794657977,-0.545333042763095,-0.0901244543127764,-0.364478124917533,-0.620900765858228,-0.0125467861530813,-0.191402739516061,-0.312721570820274,-0.385408278013763,-0.62304399011017,-0.35382474610079
0.2438342765318242,0.617006778745051,0.630578744212506,1.18363142021427,-5.0662827181354,2.17990251484867,-0.703375740890159,-0.10361428842267,-3.49034985781286,1.09473429241599,-0.717418480774938,-5.17993471366321,2.86702850008408,-5.25999613299847,-1.27715142230195,-6.98927231350758,0.690009613250389,-5.49618760977607,-5.99533723596091,-3.9905149275795,-0.167199797868911,0.357369307955279,0.621621663049365,0.0438073846680806,0.102711029430332,-0.601504870194403,0.127371352545737,-0.163009126463793,0.853791839587473,0.356503102101233
-0.294557395374834,0.192189757868396,-1.46531575579616,-1.09337687781209,-0.0597678482279439,1.06478463530602,11.0950886001596,-5.43097128323669,-9.37802517086658,-0.446456139679101,1.99210961400888,1.78592177154007,1.36858453419511,-1.47169658834377,-0.72475884619705,3.44242199594215,-0.957403224855046,-1.62612941891216,1.41821495932655,-1.41791682839858,-1.65176618071699,-1.4576102135585,1.16062328833533,-1.2596968082996,-15.9816491909559,-0.883669935248733,-3.53671623161143,-0.59296488849027,0.675524833181225,0.424849351792902
-0.1119262209180465,0.0192318988709923,1.2525202868339,-0.0329412269975893,-1.16887177734606,0.269500670904029,2.18094141848853,3.60886066594932,-0.431688671974942,0.847706312453151,0.171799771904627,-0.0208762054791815,-0.542253973219731,0.236358996467847,-0.221821964603381,0.192747859497097,-0.150455552652144,-0.100561677626217,-0.510666492563005,-0.0751824959637968,0.361785155490596,-0.0273976526240297,-0.180045164243075,-0.483764079025179,-0.131531667293324,1.01016387326381,0.891151908853251,-0.327225041724002,0.0242832370195664,0.0134311080432767
-0.1120659540278068,-0.5557513598609006,-0.207377864495684,0.889232871941497,1.05684801411361,-0.146698817757067,0.422262464527913,-0.491899447254306,0.829713160556197,-0.157942426461571,0.0293196093216816,-0.263902427150437,-1.12354892808989,-1.23505526830322,-1.23800492509261,-0.392836504927698,1.1483295133128,0.615705974338341,-0.316503190039145,0.293212936539152,0.236508351666222,0.140863199968388,-0.381291267702786,-0.939341903573389,-0.115105485098845,-0.548359568953609,-0.120762515449449,0.100104798649098,0.067642641108853,-0.135638889856165
6.4098372109271295,0.5567969548514433,-0.361427838541789,1.13347191665669,-2.97136044013455,-0.283072525739314,0.371451592836109,-0.574679962140979,4.03151344147581,-0.934397840999575,-0.768254682100259,-2.24811517395215,-0.482409384022894,-0.690550364277623,0.181274905167329,-2.37255179777895,-0.0068680461366328,0.146399068662885,1.75931419392615,1.08303951438991,-0.391047742407487,-0.0258616224927044,0.110814637422018,0.563860612681898,-0.408436059432732,-0.880078912517905,1.40839232295512,-0.137402363335706,-0.001249817072624,-0.18275089691206
1.1114371550338853,-0.159846802711498,1.26588652264577,-0.789934898308834,0.482561269516111,-0.7749136082329,-0.958618332798628,-0.280355927097815,-0.676825510031354,-0.1445383217625,-0.672767202036772,0.51214355611503,-0.772331773387387,-0.105380483717444,1.8103210775043,-0.665985790517018,0.905108671641497,1.60596755184484,-0.260813525048893,-1.07419302363722,0.686824915857398,0.382458942988563,0.138548821053224,0.183806304314169,-0.156932277605144,-0.409935160411307,0.392427759504166,-0.26000702259778,0.0211626265414821,0.0373761296609028
-0.2174247187871165,-0.2030803933316885,1.2229573130154,-0.0003507160067537,0.911188538802538,0.651860753839376,-0.914170039598835,-0.747236371682555,-0.397514143692045,-0.0164804344238863,0.510510709347248,-0.058532849814018,-0.462954612399818,-0.235833701969386,-0.685891446311421,0.227237040343865,1.40587666197982,0.615131904952384,-0.493734528075802,-0.0247899009165458,-0.318772848346235,-0.141138288573583,-0.096152599860629,-0.315775531329964,0.102880828379749,0.381390659677533,0.131294643125553,0.216024433833812,-0.0121569362653132,0.0248094073122329
7.678054915112137,0.1205371303704225,0.842025258809961,-0.365518405631879,-2.46406333105633,4.82088596439253,0.775505434320733,-0.614784604613805,1.36802439952459,-0.526261741999926,-0.121356446796038,-0.357616193093852,0.637766685379952,-2.81888227036892,2.36059541417279,-1.10869894034456,-1.44995109474769,1.57373987380152,2.20265154365361,0.800471466568041,-2.10358290329291,0.944915098074741,-0.110621878759425,-1.25780002613606,-0.324418362936717,-0.420020001036393,-0.219501077925226,-0.268872635957687,-0.144582319033867,0.104464060190998
-0.2870118074477747,0.5811158495753005,-0.0450960947862133,0.78218502518429,-2.17892460196826,-2.16357974117663,3.63296550332582,2.73612859686264,1.05485504130397,0.611263118562532,-0.551499513722877,-0.455710510292144,-0.147098806422689,-0.116439525790625,-0.470771414000493,0.927293049221846,0.243383933544729,-0.738990094747212,-0.483543942002802,-0.502179550482218,-0.259213226297128,0.0003051232423637,0.244781101450058,0.796926032263456,-0.209463159591706,0.755160404732369,-0.27261295346338,0.109097089887839,0.414256151075489,0.262565969277464
-0.2934395304967512,-0.9065661015754416,0.0084303648955825,4.13783683497998,-6.24069657194744,6.6757321631344,0.768307024571449,-3.35305954788994,-1.63173467271809,0.15461244822474,-2.79589246446281,-6.18789062970647,5.66439470857116,-9.85448482287037,-0.306166658250084,-10.6911962118171,-0.638498192673322,-2.04197379107768,-1.12905587703585,0.116452521226364,-1.93466573889727,0.488378221134715,0.36451420978479,-0.608057133838703,-0.539527941820093,0.128939982991813,1.48848121006868,0.50796267782385,0.735821636119662,0.513573740679437
0.9969957381401524,0.5148909174214923,-4.59944700208203,2.76253994253031,-4.6565298706326,5.20140306725894,-2.47038771213247,-0.357617930345621,-3.7671888274624,0.0614664440276634,-1.83619986278079,-1.4706452575308,2.14393063330902,-5.83973605661705,0.153011630876735,-6.17736456586248,-0.78541565373917,-4.51052273721062,-10.3405128633486,-4.18117755349571,-0.376135682527478,-1.00065772232141,1.58148035659457,0.261332719512975,0.621415022135499,0.994109926998982,-0.687853106052664,-0.337531252843331,-1.61279104641522,1.23142473470435
-0.1467197652483756,0.7790857505374829,-1.66722564218445,0.121544624038319,1.68259321545908,-0.595350843507203,0.623605927921767,0.829626621461018,-0.441473566895627,0.947602836983262,0.105077410454783,-1.54382442864795,-0.488779810341527,0.744854575773011,0.487669103144976,0.0438364050187209,0.94123430548125,-0.812295432522832,0.548037878579792,-1.10758396291773,-1.42957278249544,-0.0599135887909732,0.392586866716251,1.02704890833014,-0.373816148265354,-0.915479430512743,0.503448123351095,-0.0033256159811739,0.0091659398232083,-0.112198093948906
-0.2698246349472507,0.0151787497503495,-0.624946298339872,1.16599209515694,1.14396438537502,-0.0277062978164301,0.108730601153918,-0.570701008894442,0.537864579326169,0.131253215060476,-0.0596566967043568,-0.21500213732563,-0.130695634074521,-0.492746236847447,-0.861251622377988,-0.280038696393598,1.2675673486001,0.114178012309121,0.333180783941866,-0.487227278068645,-0.471787198913424,0.141328991961727,-0.279378153650422,-0.676566174790899,0.0295552476796233,-0.0063880630362214,-0.215976853630228,0.109691933202169,0.366277006834983,0.151627900297703
-0.2934395304967512,-0.906272395117424,0.316459000444982,3.80907594667829,-5.61515901119457,6.04744510216478,1.55402595692572,-2.6513531120137,-0.746579273100222,0.0555863112529252,-2.6786785422399,-4.95949291161496,6.43905335158373,-7.52011739288703,0.38635166741077,-9.25230724747513,-1.36518841502051,-0.502362190618164,0.784426598154274,1.49430460743838,-1.80801215867357,0.388307428238927,0.208828369001674,-0.511746619200722,-0.583813220813723,-0.219845029091423,1.47475258440688,0.491191925656006,0.518868284577287,0.40252806767232
1.0897785230210295,-0.6989508805319611,-15.9036352020113,10.3939171427504,-19.1336024646827,6.18596883540498,-12.5380209157442,-4.02703044708406,-13.8978265981985,10.6622517826007,-2.84495398482036,-9.66878891236125,7.39441941053863,-11.6356300484755,1.42327692545531,-8.64045910049478,-0.674719538892936,-7.69556878829619,-13.6841395944616,-4.77740603940726,1.26834277321029,1.50156541071894,1.57754822493456,-1.28013712313136,-0.601294526869194,0.0404039214626868,0.99550197117886,-0.273742711729157,1.688135896398,0.527830799573719
1.0897785230210295,-0.67823870111256,-23.237920244511,13.4873857909274,-25.1887729688701,6.26173255148578,-17.3451881651558,-4.53498915241687,-17.1004924771637,15.3746300252798,-3.84556677176243,-8.51176669710133,5.1385473219039,-7.22001986441493,0.615793286019405,-7.3272215995796,-0.0386320690669864,-6.33151509399145,-12.6888576275064,-4.84738160696153,1.02053587929144,1.63078748322503,1.76970812949114,-1.69197330547661,-1.04567292278161,0.143386499863412,1.61157707182701,-0.221575644736264,1.48123260638065,0.438124804842523
-0.2949765947041151,-0.0658489878875456,1.25850495898821,0.406042438972498,0.321139908721003,0.686267436534233,-0.310975476142692,-1.05770380199854,0.131205315917591,-0.241824232639795,-0.0692254904627344,-0.302001572158032,0.0487154271739967,0.592614906282542,0.89813041636995,-0.421514036064182,1.02004673117466,0.446814075469552,-0.0436539463246356,-0.38193134458036,-0.202731185288918,-0.0395052262588569,-0.280404958129286,-0.774344021004009,0.122094320647034,0.363733836186622,0.239151691116258,0.0922451729978285,-0.0185076567314514,0.0321128575250626
-0.3074128414727869,0.2089780190086819,-1.92959692675373,4.0664132778545,-4.86518400996861,5.89860229319899,-0.552492585328532,-1.55596245330906,-3.83362344068736,0.679511648528001,-3.46376549143694,-6.68368922880726,7.02127774818005,-11.1024933822497,1.71175507363653,-10.447632938235,-2.79907615915518,-6.26174085045904,-11.6471577741668,-3.45143614190286,-0.507536514254236,0.942488941965831,1.13721164676769,0.674245235425331,-0.531765489027487,-0.433409350510738,0.378658562357166,0.198107291025294,0.869694411928137,0.228047851815119
-0.2861734087892126,-0.5894218682080382,1.08123377540659,0.416413936043849,0.862918740651629,2.52086280678918,-0.0050205000585141,0.563341022808024,-0.123372251574041,0.223121852791809,-0.673597550149872,0.644549730341658,1.1205051770709,1.23777331256672,0.342362114422749,0.0383719793321978,-1.19450308848281,0.0854063439558358,-0.219143226460215,-0.694259215394403,-0.655269928208246,-0.16524877677618,-0.159387123973102,-0.305154013019185,0.0536197364326817,0.0117614442207135,0.375145782072105,-0.106298753298543,0.0210082653765087,0.0105592082435436
-0.2393628170194927,0.5231499430209472,1.17782379154942,2.48710339519253,-5.33060816051087,5.32454683526606,1.15024325844862,-1.28184253527583,-1.17199420002259,0.413778202141836,-2.6598401542684,-2.9716952359177,3.6195974073081,-4.47804406487578,-2.03418448611283,-7.77219735461502,-1.20149274946259,-0.509866916309607,-1.30436979397668,0.495999534593581,-1.35984389291856,0.156057238983783,0.262325116604754,-0.431790202566124,-0.092088065214941,0.145215897986796,0.457788410050576,0.167739067416406,0.451242541470912,0.268421209703893
-0.2516593306784042,-0.0105029429387093,-0.442180188246456,1.08990123650583,1.38656863399895,-0.0624559252820791,0.237645199949351,-0.286278030289981,0.588838323931619,0.157015011421746,-0.785007296542361,-0.409599005005392,2.01671929943075,1.15579542476388,0.719140730391192,-0.339625829910735,0.349142703011958,0.19255323718754,0.0675891264108207,-0.249209082493156,-0.241766637675424,0.135633376707725,-0.162113379963919,-0.364229596811505,0.0202251856575701,0.193081531550176,-0.265285979094941,0.0690078068829489,0.263164386131164,0.0884085610141906
-0.2949765947041151,-0.1952208085151376,1.25724191499135,0.281260991628398,0.285327395402245,0.703004642195626,-0.464692771300375,-1.09868350232106,0.0143476538782919,-0.143971025995872,0.191574447432248,-0.251412654541771,-0.24501954991222,-0.323433057136713,-0.824287233160185,-0.0787315648667784,1.20902547613286,0.527609188216477,0.0547725627101336,-0.170611395700079,-0.191102129103743,-0.149861413014556,-0.300208583732882,-0.915406090879928,0.142768419968938,0.31657553354197,0.18087275662595,0.0980171167211827,-0.0297675210631449,0.0284136585924366
-0.2934395304967512,0.141272806306465,-3.7058559456413,4.10787318567637,-3.80365599543613,1.71031444791959,-3.58246604635748,1.4697289395611,-9.62156012711908,-11.9131046925977,-0.322296771337166,-6.62569249371823,2.17523030559549,-4.38107755793604,2.06329870945929,-0.673818453194249,1.40076321660287,-4.25492662033392,-5.16021301572915,-1.30252591599748,2.59445276115475,3.63960274068724,-5.49877168010629,2.94147540326902,0.916235852911927,-0.25550447969595,-0.18383483865098,-0.584538952417976,-0.315483570351021,-0.0972228121259146
3.2267169705861805,0.0069667171841774,-6.71340697159693,3.92110415204576,-9.74667821737542,5.14826254938013,-5.15156271985187,-2.09938865681113,-5.93776683170198,3.57877960420447,-4.6849517505833,-8.53775768653457,6.34897930341209,-8.68160893168352,0.251179384774619,-11.6080022570993,-0.351568782034355,-5.36356643348466,-11.9390915052116,-3.58360287020043,0.897402406121681,0.135711322729059,0.954272201927517,-0.45108644858101,0.127214424071711,-0.339449869297565,0.394095513633807,1.07529509891805,1.6499059092424,-0.394905372194808
-0.2375462865926081,-0.1560638635322313,-1.90058029950888,1.47605605464889,1.04020908705761,0.905118923860981,-0.491801909245893,-0.694610879863406,-0.0789117988120335,0.319890138329659,-0.321745619307398,0.144781634093653,-0.492937726541576,0.508345584944035,0.859030278195752,0.254424205064496,1.25628511350417,0.0854854308766029,-0.151128274278887,-0.0199672392278053,0.490551305295108,-0.350962447865571,0.0052198486903967,-0.177191609952501,0.0884138432265663,0.378711809422906,-0.49959588240067,-0.698469163190988,-1.01944387930848,-0.135298276174751
-0.2909243345210647,0.7205206828087736,0.908636658181293,2.84902401493181,-5.64734296336341,6.00941477810058,0.216656395035464,-2.39701442397293,-1.81930788593969,0.338526987742346,-2.81988277297887,-4.06309810827338,2.94119009271712,-6.15136219091534,-1.98952853525001,-9.15095100562097,-0.604289998808266,-1.95229039984463,-2.89255533222526,-0.912057960709434,-1.56373996709776,0.241921294746754,0.407260461266497,-0.397434852530952,-0.0800058534116311,-0.168596545191964,0.465058497798457,0.210509756241616,0.648704799002062,0.360224330288316
-0.0712638859777824,-0.2010361963838861,-2.05790700902877,1.91803606670004,0.428518734060825,0.750672009016519,-1.10525603564424,-0.341529352390002,-0.567320687950683,1.55565877021249,-0.267590467527561,-0.140156633567696,-1.34030675611467,-0.0824318540172175,-1.45534036364053,0.677205179415299,-1.41699084839685,0.441463505276661,0.510280316831762,-0.997080681725611,-1.78125488504279,-0.309499323467781,0.0474486069826484,0.095637526148567,0.195363018359267,0.409897224769805,-0.513887779452449,0.719374546751521,0.189769015559372,0.138967389948208
0.532383148186963,0.36231628661051,-4.32689797790404,-4.34758857099677,-0.346962754283215,-0.479429446450257,4.19522298329552,-1.60088120382521,-0.121469838765714,0.163902120946288,0.13379687945246,-0.464951031149617,-0.624730865312556,-0.444471637315191,-1.02315096673997,0.395439517457772,-0.831384638077455,1.07905455189635,-1.63962776605747,0.973172287569967,-0.563118034000721,-0.734604576647379,0.100377217525899,1.14258390535031,2.92394257326696,-0.504377529367114,1.15958493641803,0.511377028785241,0.355682872956753,-0.134927274897704
-0.2327953608607559,-0.5656551416252541,0.395275823082119,1.67401583786342,-2.74965706506164,1.27099211288293,1.60464144912034,-0.409933429782974,0.339100844000764,0.528779421600254,-0.662314280979823,-1.28134094053818,1.25316752557157,-0.220133493983597,-0.112525201084667,-3.03516829054113,0.713588109813396,1.26682981281054,2.53589228461985,2.06171335176,0.0251298556461305,0.0404190895046502,-0.104992391677689,-0.221331679740634,-0.0057450651700754,-1.69227074688144,-0.362014187001204,-0.302863172086356,0.1429794230504,-0.0918626185984311
-0.276951023545029,0.5895276025329245,-1.12160273686978,1.96426805478394,-1.62825830313623,-0.429216804418619,0.30840527858369,-0.930464484426947,0.221080500898456,0.686098364955513,-0.239209495457765,-0.347317388417325,0.661950387971932,1.0880548772064,0.979227065576877,-0.393389216332465,-0.114170217268685,0.510953949225955,0.273543240709626,1.26814062704688,0.200894392598116,0.113306606632804,0.326701773949821,1.04457458580117,-0.130294000344536,-0.542594810054182,-0.117596582603293,-0.130219553037927,0.224780130262019,0.156703870456476
2.2776496890938307,0.5007577626616854,-0.893185203290141,0.152969002509715,0.985352111830942,-0.162567836787275,-0.876450392591518,0.727262751631478,0.256203205423703,0.572616927359789,-1.34432307301115,-0.157066015342238,-1.77173823327207,-0.571519085951075,0.0421583159612072,0.150237741269297,0.329920703449748,-1.12787423350666,-0.17680383744428,1.63879237218073,-0.760871677966057,-0.207227554044718,-0.349376622005259,-0.973552915689185,0.471180534337972,0.270743848646695,-0.255923720407934,-0.859896501760767,0.0167424070008052,0.111885943533239
-0.181653042688465,0.1784677921498138,-0.307411761954871,0.738235053926,0.704487157949851,0.769681948278068,0.900296740033033,0.701396932500053,0.460595977875533,0.166201795471397,1.64441185827889,-0.665600074415626,-0.115139768529269,-2.68139453929897,-0.322550705397613,1.59095382442489,-3.06269181811023,-0.609477488937961,0.523847577644133,0.520557491825842,1.0739048846615,-0.334309600681901,-0.389494557975651,-0.654304621179642,-0.177319091962521,-1.17384900902979,-0.436494422223999,-0.832108151216048,0.0819041161742847,0.162489340212487
-0.2548731922028925,-0.2809478494813144,-4.05119908913995,2.75009784585052,-0.110258722258882,-1.93634603413103,-1.08333923056743,-0.583866250780337,-0.271059418043669,0.989548620535978,2.02341212983479,2.73691998325334,1.17059637028011,-0.0406628103691343,-1.99916027089275,0.105721278240217,0.437892242107693,0.502536263528395,-0.451288764288048,-0.206705233904306,-1.01424014991463,0.872814026675206,-0.372957389845187,-0.279206496429556,0.230804289216212,-0.042201461125139,0.0049697426033372,0.689102682616783,0.215074256456617,-0.082762348236094
19.285404876685533,-0.2611050411776454,-5.34466537543542,-0.285760408166142,-3.83561578178611,5.33704802681048,-7.60990870021268,3.8746680317393,1.28962992438915,0.201741916806601,-3.00353243733788,-3.9905513318108,4.98601380361468,-6.11638322304304,0.0423244061770454,-6.04339314434942,1.82140103177852,-4.7454624675489,-10.0756455907271,-3.6045960155148,1.43529381015392,-1.56216235780532,0.276010822180054,1.34204455689584,-1.01657869464831,-0.0713612973880671,-0.335869334726878,0.441044176004645,1.52061262049821,-1.11593680318009
-0.2756934255571858,0.6243729367121325,1.71527876521291,0.0162177741758398,0.0721292350566566,3.52355119158221,0.438246111062592,2.28238753304946,-0.936529321408189,0.766620876141419,-0.403980554557231,1.41911803636777,0.559285523196471,0.301332975978819,-0.645179443371544,0.122638055906936,-0.369836614671509,0.586674204722936,-0.368659012790255,-0.717873590755804,-2.46137009449903,-0.410256590578208,0.278873351386951,0.977654545757259,0.233489290073815,-1.4570690992416,-0.471483113564271,0.132034899976383,0.06208005788489,-0.0580406609760083
2.207783134213652,-0.2656516171477578,-1.59945740179415,2.60772002929222,-2.98719294171061,3.06415614684784,-2.49791431686821,-0.54110279282052,-2.2777862276701,1.26816610842127,-1.99733105335741,-3.83477508791878,1.11335409263987,-4.97692104108215,-0.795530934675206,-4.54955674371782,1.81376325403563,-3.17746049642958,-5.36934877847861,-1.1214541569793,2.03059193793375,0.22533293042937,0.662933039629134,0.184086858369512,-0.0894518031771282,-0.505999935132595,-0.0622588885489331,-0.0527144132804191,0.322854004983613,0.135267636745646
2.080905470551247,-0.3359296984222089,-1.22966891678814,1.95609915073809,-0.851197959645561,2.79698655025108,-1.91397684079333,-0.0449344462262948,-1.34073935355915,-0.5555479867039,-1.18446766006311,-3.24510859732028,2.33832327000211,-2.82004218823068,0.763325773164453,-5.41958986916794,0.0414327925041231,-4.18075778829053,-4.2850705920981,-2.53645157282245,0.93023918577297,0.270459255150975,1.20805425987967,0.277611797272191,0.0192658003152734,0.508528831195383,-0.201182897226566,-0.249600419347595,0.562238742839488,0.0753085014191344
-0.2149095228114301,-0.2658983305724926,-1.64440309669641,3.1298519330804,-2.57697682172296,3.41557336328899,-0.448525407316687,-1.24189285626533,-1.9916521878557,1.00266488963021,-2.8090712430123,-4.15369240632128,1.39818511854919,-5.65326970240352,-1.23369413839885,-6.332512814541,0.458714800173025,-1.98360960777769,-4.92916202340023,-1.03848208531443,-0.133819199948815,0.290186829391141,0.417762091477206,-0.648575871519649,-0.318617393380036,-0.680412931832076,0.389868676205949,0.0557502963989842,0.394681955439504,0.298820725838569
3.747362537553273,-0.2480527261833433,-0.639191253440691,-0.0855947885921835,1.26545195854416,1.40116573166082,-0.260542078671007,1.00979457835355,1.30199897093176,-0.135257522932592,-0.431520921685507,-0.0913533730643921,-0.921051995675577,-0.61381552858098,0.198913055533638,0.0160870050482155,2.20626377523102,-0.527140627794259,-0.0572786796405291,0.448655661077036,1.16443546519237,0.861306751100051,0.340330752683629,0.76016976216338,0.353376975218638,-0.778892742566353,-0.0706811598435952,-0.0333546437243291,-0.0619624216383359,-0.0626865318467909
-0.2794662195207154,0.6780742254960702,-1.17218291948653,1.66171286952217,-3.04963701906308,2.55505843390024,3.66903461419474,-3.16299837227475,-5.98564011625334,-2.17993523861597,-1.12029227657092,-3.07555830950402,0.997448763245357,-3.19191476820242,-1.51485677577243,-4.2672960668817,-0.159553975172285,-2.91646262843242,-2.81990611139418,-1.41723080093652,0.32519494288717,0.548106363466502,-0.812097797287015,-0.295360725931063,-5.98880644277407,0.714380801225346,-1.60002359150788,-0.634782934267927,0.822713228036362,0.494375178430933
3.056941242227346,0.0103854603555022,-2.20763091845218,3.25907610397605,-5.43636546967173,3.68473739367705,-3.06640091036945,-0.671323195313701,-3.69617839443207,1.8222724578951,-3.04965272773018,-6.35388725151755,4.35148149710451,-6.4532473302497,-0.0614319367541572,-8.44287285721034,-0.328820639839654,-5.44079518325917,-9.5180378916264,-2.43806861829455,2.33675362049059,0.808336360421968,0.920899033968287,0.0376745089378149,0.026753977510545,-0.791488823729947,0.176492777047381,-0.136312279131778,1.08758482385547,0.373833528935625
2.905750017466638,-0.1762238748105593,0.740687127282278,-0.282881673384113,0.24187316369508,1.3245096603123,-0.455974897248795,-0.694194910937954,0.537109749399031,-0.1524159628485,-0.4984363692194,0.0872160315936411,1.63270369755968,1.14738031090471,0.0470485761236942,0.688182057928065,0.12468946442312,0.314714904285319,-0.589205596783402,-0.247719837474026,-0.0043468358708953,0.325195219596968,-0.270345108291469,-1.37478204490059,0.0400486590768392,0.476790104467734,0.115466101095707,-0.891392261401317,-0.0342236904294704,0.060913265044384
4.042199399147628,-0.1225343342849422,-2.25053480921229,2.36575487772312,-2.95549117924385,0.0897905975142065,-2.83074456678034,-0.844461639207772,-0.174061560679368,-0.407138137833787,0.174216293591102,-2.9989262562074,2.60516857519668,-3.67771661422902,-0.961254636207547,-4.62948099682303,1.94218161282,-4.18037888438458,-4.60568646763486,-2.55718413666009,1.58958220191211,-0.48653714178381,0.256559618287662,-0.466245243122949,0.291104927494009,0.242566552797207,-1.27909371150404,-1.12353433717278,-0.630976512544474,0.326839204012689
-0.2934395304967512,-0.8407758549794992,-2.88004235163471,5.22544230971559,-11.0633302799459,6.68995065770063,-5.7599239886738,-2.24403079081521,-11.1999752166959,4.01472180864313,-3.42930426351801,-11.5619497720699,10.446846814514,-15.4790524832016,0.734441608104148,-13.8837785491112,0.821439545395249,-11.911483017197,-18.1030037037729,-6.83783453880068,3.12692935212663,1.19144396640797,2.00288287701632,0.351102064721284,0.79525514045211,-0.778379381413672,-1.64681511254223,0.487538823287331,1.42771309550336,0.583172486219188
0.0262698246349472,0.4034234424746531,1.9354554876642,-0.767707158573479,-1.73039506964718,-0.598735288779183,1.69757482597139,3.92222914860264,-1.24280265885262,1.04940202941554,1.32186841554402,-0.150938113329167,-0.238127654827158,0.482638784664157,-0.046968718677059,-0.0036957693351391,0.895791910699698,-0.0086431353709431,-0.584016644914551,0.1356966443829,-0.391762751488926,-0.114953376389036,0.255493056590659,0.854876067470114,0.109585701141841,0.737013174595944,-0.015174558780953,-0.134908288421768,0.0582350011593894,-0.0415268808021853
11.083630266191577,-0.2505551052056533,-1.03523120989252,0.393270368347045,-0.259192263552561,0.0876407726310455,-3.84837339778143,2.14713997294358,4.01811700927368,-0.8749633803002,-1.90123320824265,0.704227545466433,0.949432050062008,0.176753369502877,1.04984667333506,-0.084062169823639,0.322877285904588,-1.24080076789792,-0.554052368372829,1.9492367009202,0.0551898375499845,-1.00149212521796,-0.483497203356176,0.120313085626411,-0.226580020933855,0.0705073901918083,-0.372260791695887,-0.394526861873977,-0.052379956099395,-0.644558510039848
-0.2389436176902117,0.8851372783984774,-2.3493399641893,1.51260401518904,-2.64749719609623,1.75379247237301,0.406327950335496,-2.18849400496996,-0.686934747748875,-0.547984409288573,-0.0995281132954432,-1.67234597814111,2.17297610055437,-3.10347667138871,0.217560544573622,-6.03440257566619,0.164400705894815,-2.38382603356602,-4.16647877527802,-1.77239694698232,-0.526280794204029,-0.0934214753719124,-0.0885194213942628,-0.595178282040403,0.258148130014773,0.0619011334336728,-0.35418019381022,-1.15267106612603,-0.736072755373029,0.733702732493917
-0.2755536924474254,0.2097064110245656,-1.45687631770562,3.74030556080113,-7.40451844591174,7.44096403590735,-1.5498779534738,-1.66169686169337,-5.75721301357641,1.61501101078404,-2.19488072574389,-6.80713525144464,6.82579316213884,-10.3997491177692,1.83644883978883,-11.872845098188,-3.6423925983095,-6.0441031440521,-9.75077638654123,-3.11637225405711,0.0653171492484702,0.529557330911833,0.957897451629944,0.145339479676781,-0.0447039008346728,-0.544961671329029,-0.757756535554721,-0.005352369235898,0.318152285707546,-0.323553622642371
-0.1829106406763082,-0.0405667359813907,-2.94366305316799,2.56889121165795,-0.225780905231898,-0.432263227621709,-0.965022025666688,0.087950764064244,-0.73418805878596,1.75550862527066,0.125608471867328,0.971839622929431,1.28008555048256,0.830542831199929,-0.884788437938454,1.11672374892965,0.738781750206688,0.0959818834158692,0.425894111435414,-0.626306354163775,-0.611036317988155,0.416563205997311,-0.188076287559874,-0.500594489227981,0.25323568402521,-0.357466468993952,-0.0253333305221476,0.149783772422754,0.537634771096177,0.29780287865477
2.8687207433801443,-0.1717712849070125,-0.440095203221886,1.13723897606434,-3.22707975693117,3.24229293383089,-2.03399815309639,-1.61841464754635,-3.02801259904704,0.764554819893569,-1.8019372093973,-4.7117686842189,4.66325458481107,-5.17173460782892,-1.62407024790733,-6.71387819491558,0.607986267670607,-3.27520749888835,-6.8238312134789,-1.35530868624906,0.291250739005026,0.895840844006848,0.764186724577691,-0.275577693085964,-0.343571526478397,0.233084829252444,0.606433640125543,-0.315433462199896,0.768290751269875,0.459623327730251
1.5578844407182284,0.964167812121853,-1.69522189447495,-0.62319656797217,-1.11551936349567,-1.47641599143567,2.21873920780617,0.524112961916593,0.696430793608916,0.780027123365707,-0.394257964642524,-1.4333770076536,0.671010539488365,1.00151540619996,-0.385440873184187,1.11762608612248,-0.600699294287087,-0.624800629065328,-0.232720786935689,-0.908628093388219,-2.03589277395583,0.0734035113499504,0.563154612491325,0.969695815281359,0.160980878805449,-0.742259175166298,-0.314805332111392,-0.7932352989253,0.0762038784961919,-0.0466446060903822
-0.2934395304967512,-0.8642136303293037,-1.42662331260887,4.14198623236944,-9.80410344235714,6.66627300324451,-4.74952679326515,-2.07312900595144,-10.0899311630826,2.79134529885187,-3.2495156171301,-11.4204509744097,10.8530116481991,-15.969207520809,0.546690084634152,-14.690729133641,0.91233739988339,-12.2271892780267,-18.5873662058916,-6.92076186060174,3.16699890688552,1.41067765264616,1.86567876848945,0.407809281593599,0.605809354312964,-0.769348118123441,-1.7463368287861,0.502039516709683,1.9772583297728,0.711606531209485
0.1154195486620555,-0.5109082578507737,-8.44028396323147,6.14765332384605,-11.6837061588856,6.70277957100753,-8.15583929706995,-3.71626415558662,-12.4073130564101,5.62657129554302,-6.23216089363823,-13.3866834395246,7.60555947435276,-13.351815018081,0.827049642773684,-14.9794773489142,1.53281308437662,-11.7714969677127,-20.2992165093576,-7.60911006016911,3.80913643570604,0.520732330180873,2.19285541971989,-0.282596814624446,0.0080684981124645,0.403858336982018,-0.0187883930291726,0.522721636106603,0.792690689790115,0.0677895462043786
-0.2198001816530427,-0.2939766679589751,0.326006629816884,1.28663756547088,-2.00718128715265,2.41967479633278,-1.53290169734535,-1.43280331503216,-2.45952963994058,0.617737791926574,-1.12586103037287,-3.23678401592309,3.5617949640183,-3.91467935228848,-2.12495645598654,-4.45889502952153,0.578201875425492,-2.3433041192933,-5.07145010804216,-0.749172320846648,0.22842274838649,0.222666683155765,0.556894674408544,0.169775528574355,-0.174357059251063,0.308061323046213,0.710996128051644,-0.23102981819073,0.580495233837149,0.30098403791885
1.0897785230210295,-0.6826560462411447,-19.8563223334433,12.0958932259299,-22.4640827464876,6.11554110191771,-15.1480215209615,-4.34672408349599,-15.6485074722661,13.2768048056341,-3.97416161954102,-8.85919405880884,5.73081553744459,-8.08803351213651,0.230824969324902,-8.57897327333454,0.000946636693186,-6.94774606726094,-13.4728970076501,-4.94021082886802,1.23014255193802,1.58292955492187,1.75072984045421,-1.40963570908141,-0.809809278333882,0.121396659905885,1.35030007077468,-0.224291873525585,1.59762136835254,0.476919818025438
-0.2934395304967512,-0.7754085456831025,-15.3988450085358,7.47232389650112,-19.0269123426632,11.165525840514,-6.89385628014845,-2.12093657486019,-14.9133299850456,-0.721214094320184,-7.1750966153358,-14.166794659606,10.2777688628065,-14.9854337328686,0.345179234077653,-14.6663889726541,-0.346352541965346,-8.33324249555463,-12.6025964553952,-4.87668342078337,0.604625910708604,1.11150221461014,-2.44488368228,0.727495341024629,-0.345078151264077,-0.981748551471828,0.995271346300177,0.816761717958274,2.26294237384391,-1.17806316323334
-0.0336756794522462,-0.1919077996686991,1.23260446981971,-0.548931183157109,1.08787266901823,0.894081819978967,-1.43305489904701,-0.356797142170886,-0.717492197160233,0.003166531089953,-0.100396732730679,0.54318725600578,-1.03941706835478,0.285261608751792,-0.206006567752438,-0.498521775750102,-1.06410845071827,-2.1560365431533,0.564761098405632,0.837856659648528,-0.728989760343786,-0.576274061414969,-0.448670516618872,-0.517567967949267,0.0128333352729761,0.699216728009832,0.527257980520248,-0.322606503047991,0.080805437438631,0.0354271820131481
-0.2949765947041151,0.956578437246678,0.125720162055423,0.910860327569282,-0.416291674796388,-0.522864704154055,0.813534053735103,-0.825560456179081,0.84181316442143,-0.0014501319612208,0.174523290602036,-0.795768639801876,-0.859526370687192,-0.870683088327383,-1.48345933874759,-0.714318842189881,-0.0317804287690179,0.330735526528691,0.521094672706518,-0.13584732548136,-0.303975887397593,-0.0838885188062094,-0.350304181411092,-0.926378097223148,0.122529000828849,0.52974858612658,-0.491225619256627,0.120052881370542,0.216080767826219,0.081187117471479
1.3657514147977363,0.2112806776395399,-5.55212217135236,5.67813391258695,-9.77552798040134,8.41629539413803,-4.40984381923171,-1.50623535484733,-6.89983879692634,3.75044289681131,-3.8797925578861,-6.86416435989436,7.05106508958574,-10.1375291936462,2.81543981456255,-9.90916805374299,-0.262229551498562,-5.02255717747726,-8.52297487191683,-2.01293906157489,1.52573244095261,-0.0647801372282915,1.12847223060537,0.228484046768752,0.286257667302864,-0.536294098099933,-0.104924889157331,0.420919229293903,-0.297556884880609,-0.946184387308798
1.704743939076364,-0.528789107014885,1.0095553654416,-0.322419381613224,0.501951449366524,1.03374573209208,-0.317320205621486,0.431011755384547,-0.323395631737878,0.0541039077272069,0.461689045829266,-0.0756486108486044,-1.59659307121307,0.0478890376668895,1.04472644419102,-0.208168867106213,1.45939957823817,1.07410675639675,-1.24792008889498,0.741635340573334,-0.223271624485016,0.246539785233833,0.101561250120578,0.054400629710877,-0.307052123246236,-0.993344368537319,0.495802133596374,-0.291366731577795,0.0382536346277721,0.0517245726994707
-0.1676797317124292,-0.5051046182403459,-0.68774880257051,-0.058824770494197,0.989948399282897,-1.89860333362277,0.412782695982657,-0.709836371533612,0.895685050391293,-0.741199824422541,-0.401345700076797,1.58913988119257,0.852638185054016,-0.668974456495473,-0.694709019278022,-0.869911621677684,-1.46927276010527,0.724890924125445,-0.380100186464417,-1.02438856410262,0.606221062095386,0.253806964210213,0.0635683691184408,0.961790074784633,-0.0863445867573723,0.0154892794372194,-0.227675475557954,-0.417815626518808,-0.208487836466232,-0.387480026018295
-0.0419199329281073,-0.6149978265722107,1.54202346838413,-1.08823439347084,0.224452669440214,-1.70157941577397,-0.86380309134004,0.500555154378206,-1.26437326281988,0.0125321419040909,-1.70009586023772,1.34392750555953,-1.32565063592531,-0.596256637508568,2.10673805611705,-0.809532959363411,1.05356242607375,-0.0935337219124765,0.0692092424985665,0.157744845358843,-0.283170844221223,-0.209094133785525,-0.106075283603439,0.199443773476185,-0.16513997336118,-1.28786792251026,0.495925238103739,0.0077451122068781,0.0736946513213292,0.0137078398486535
2.8270802766715573,-0.3139604553624925,-6.46328374078479,-7.3256412825631,1.41932470931385,0.701140700367511,3.34170464300236,-3.57649683890983,-2.76959469651415,0.980991815891331,0.769910300566318,-1.64958013724876,-0.569835170635048,1.52891676072157,0.643159923630736,-0.0614499650110956,-1.13114756731192,0.129147634126984,0.235492435039599,-1.03779212555185,-1.81313051234338,2.15327872078348,0.722035593301219,-0.692419391233369,0.485652711781848,0.721629467752814,-0.338046586329872,0.522229691213373,-0.0320163829403167,-1.02405268570637
1.0897785230210295,-0.6583019067423255,-28.5242675938406,15.8769229879536,-29.4687320925264,6.44759140152748,-20.7860000418837,-4.86561341755669,-19.5010840750712,18.7488719520883,-3.64298981925263,-7.93964241937325,4.18467368942509,-5.83507521523889,1.21595964527928,-5.33014378246253,-0.118631138153322,-5.36777527618834,-11.4317569116986,-4.69692444373293,0.69268841200477,1.7068890619925,1.80576978392608,-2.11937616760819,-1.31744962200248,0.169845630469178,2.05168733506275,-0.210502000459411,1.30173396497076,0.380246181418509
-0.2227345769580102,-0.4717395646095466,1.26508631404504,-0.0409113633969975,-0.828360268046649,-0.0448038007399139,1.92278313402115,3.55367458224712,-0.729436246094118,0.898505716589762,0.132394482015636,0.0329702003728607,-0.185882137489126,0.06269367349015,0.0764064067823287,0.301084891364823,1.32586499888094,0.65523149809131,-1.04826405975117,0.498134661407355,-0.112595240029063,-0.0028484462709949,-0.0149753140845681,-0.14743067010011,-0.0743371416513202,0.995104865640986,0.656576707280919,-0.363579301781914,0.0418283575890262,0.0242932233994801
0.2508209320198421,0.3859067893184835,2.16289993126009,-0.817126585167343,-1.04337190754911,-1.02073531557111,-0.515870566580002,-0.588919585719725,-0.572112966265518,-0.17314369990008,-0.316723567535875,0.734384535953426,-0.808922975986154,-0.443688296781824,0.431268828869974,-0.20579026819909,0.331447667292586,1.27815559716128,-0.0026510512863417,-1.75589820073928,0.873947206738924,0.0703392390142061,-0.26346428137027,-0.921104770053466,0.458555687166263,0.415666112147991,-0.501026493243671,-0.709271013933536,-0.0223023714034762,-0.0347315478561125
3.030811150702159,-0.1452672141355044,-4.19873460983989,0.194120636801706,-3.91758567828042,3.92074784640417,-1.87548574659158,-2.11893292738694,-3.61444510993627,1.68788446543007,-2.18987113590881,-4.68423332514029,4.37690666362302,-5.00744082816051,-1.30474507803596,-6.19247526385522,1.00240426741391,-3.31693430074553,-6.18883415213498,-1.04041264854272,1.23304434947994,1.0033504305956,0.801312235949018,-0.183000576489906,-0.440386862411508,0.292539411877521,-0.144967421927777,-0.251743981877142,1.24941367428483,-0.131524643545312
-0.2934395304967512,-0.4899846097815998,-4.07597468486268,0.963031254092613,-5.07607019842086,4.9559633578155,-0.161436852450419,-2.83266299767191,-7.619765445461,1.61889544068454,-2.99209215744034,-7.14219911358407,6.27866584548672,-9.40706094796316,-1.81887396082411,-10.7395718907673,0.224206083734093,-8.42708279627514,-13.5021528919623,-4.71296758855481,2.6304759946371,0.0588612515023862,1.03073825203134,0.165327776328984,-1.01750231442165,-0.477983380813876,-0.304986825039416,-0.106089275128594,1.89971434181658,0.51146170682063
-0.2893872703137009,-0.7920205829485779,1.31979494503262,0.0811942798552533,-0.94701052654209,-0.354074972827547,2.10510876104164,3.31491511672386,-0.628669201389245,0.72788446421611,1.2323160199043,-0.369104213432687,0.918936175812477,-2.43329446363585,1.68097621807994,1.85999770766089,0.507730709764055,0.611024961639039,-0.177942510878337,0.204543593447943,0.0522648103571568,-0.0277201791627307,-0.46422787178337,-1.25480894853906,0.116173851950502,0.931063398559042,0.346532066923522,0.071848333119902,-0.0549044428882863,0.0053029205897154
-0.1690770628100328,0.4446010878887205,1.87425054024649,-0.5186317317126,0.730744884163433,1.61941677929055,-1.17162892825553,0.422989591530019,-1.21219802346684,0.235466707049613,1.86494654127779,-0.0723285586893145,-1.51175700268814,1.04065537454682,0.96564637509043,-1.08194011482238,-0.658861608501837,0.186316715043914,-0.498552129414142,0.30321494272912,-0.404173764877025,-0.195308039914585,0.177608317061558,0.98039080999284,0.122601590772152,-0.0781172000558632,-0.155704351615696,-0.518309491522276,0.12403561168619,-0.016052415837527
0.0177461049395654,-0.5163242049366181,-0.760554577679149,1.16568957069492,1.0310621559262,1.34947102251144,-0.333438598235073,0.000911585557927,0.202603388546644,0.624102792778909,-0.217374590459748,-0.292076909930536,-1.0555794251364,-0.577741923317888,-1.76451402223641,0.665518189168321,0.361679675714597,-1.01732320099941,0.892908098629325,-0.432174707084173,0.726798510004199,-0.0578533225305809,-0.0053908995682795,0.122765346591697,-0.0472583055217055,0.0503830945965795,-0.117585993295635,-0.215977586461459,0.289111990414419,0.139488311995749
-0.2376860197023684,0.8922332264241826,2.02663630736837,-0.0295584449940196,-0.885953441672486,0.515507472904761,-0.328648833874898,-1.44782283985506,0.216217474580163,-0.378158100129476,0.471499481644586,0.0632897520271717,-0.31797522301189,0.721072959716816,0.259904961779298,0.247875885153195,-0.019958015712379,-0.240395659541542,-0.150040600022478,-1.03959723342361,-0.0156614450933718,-0.214324907338945,-0.25650865923744,-0.601068296484004,0.38630167045225,0.467294494757648,-0.346732996570197,0.168540268831413,-0.0690244873155359,-0.0545257369907652
0.1397331097603577,0.1540784078760323,-1.50148538299282,0.474074315612335,-0.273970078582274,-0.723978339236459,1.80741396324193,-1.91336940443826,1.58408461919586,-0.869298458899645,1.28991235384812,-0.15329600830234,0.321471426476131,-2.68362533679086,1.42982308529716,1.75352517903569,-0.602015900661816,-0.826620005542164,0.290446217425544,-0.290417417088477,-0.268408009023688,-0.267508119562121,-0.149306935896115,0.570246271033648,-0.221927800153294,0.000186970775769,0.447323951053996,0.155930039125037,0.0756043121861477,0.112490931121601
-0.2379654859218892,0.8519249521258473,1.17075621526687,2.50103820829712,-4.9861592332247,5.37416005823382,0.997798392058317,-1.25900447846418,-1.23768881403143,0.358425624933301,-2.61248850396066,-3.06472953093127,3.48060170327307,-3.73515295429888,-0.594777601745956,-8.22995199210048,-1.47609403608015,-0.408470612919959,-1.48128347210329,0.347626692232083,-1.16441437126035,0.227618255472955,0.123145442805288,-0.713201110003824,-0.0808679133866204,-0.964310260780621,0.338567587684323,0.068629851804667,0.481587901111279,0.268225854368505
7.977363236218822,0.6533911347642712,-4.86174665742506,-2.72266032465254,-4.6562480902453,2.50200470213773,-2.00834642496284,0.615421803000716,-3.4856795852374,1.87885554354264,-1.11626798693717,-5.11297108805175,2.9456208658257,-4.10212741074135,-0.477202973371762,-4.35043446756499,0.0007163434773255,-5.03744940979325,-8.07801049835537,-3.45798118698593,0.596696430089622,0.285558785827713,1.1388759328635,1.03366434019377,-0.806198897465357,-1.51104641883913,-0.191731402147673,0.0809988303848193,1.21515161370172,-0.923141608648516
0.2865926081184937,0.7835735852159917,2.29578862172142,-1.20335261395407,-1.66222187517088,-1.41504377194834,-0.859749395805026,-1.39879637240925,-0.376613090496257,-0.520168381392618,-1.60052112364695,1.597978105672,-1.09918108780677,-0.744522957406327,0.318844203521061,-0.14020430052993,-0.882999158734408,-1.20078470599096,0.797603346012604,-0.519160163443718,0.14127492823071,-0.408416611802217,-0.165760778112626,0.0452619581857227,0.0710808543207314,-0.0127565025879341,0.188851611417004,-0.0429790850132365,-0.0338056358470807,-0.0647785994226102
-0.3074128414727869,-0.9902137008188536,-2.3122265423263,1.95199201064158,-1.60985073229769,3.9979055875468,-0.522187864667764,-1.42654531920595,-2.53738730624579,1.39165724829804,-2.77008927719433,-2.77227214465915,3.20203320709635,-2.89990738849473,-0.595221881324605,-4.28925378244217,0.389724120274487,-1.14074717980657,-2.83005567450437,-0.0168224681808257,0.416955705037907,0.126910559061474,0.517232370861764,-0.0350493686052974,-0.465211076182388,0.320198198514526,0.0445191674731724,0.177839798284401,0.261145002567677,-0.143275874698919
-0.2728987633619786,0.7990930344576417,0.0510754846328574,1.31042652386526,0.733222065309853,2.62028192286183,1.40235761449282,0.528488564738172,1.08601442622803,-0.146422713225732,-1.72433297471822,1.28016674259048,0.470864719590572,0.43554195900858,0.594974116113431,-0.142098601080574,-2.02473460275883,0.828290651436422,-1.27478714656577,0.134277305184542,-1.48943421708841,-0.125876996990695,0.229936134951611,0.766926566765976,-0.189623667620704,0.766852957965077,-0.141400750027805,-0.0772779620355944,-0.29759539535716,-0.221816034161724
0.1110878222594843,0.1020688682902759,1.97721448048391,-0.47825955229532,-0.121095513129215,0.0917609284850748,-0.802481202474326,-0.571984801379588,-0.719249591593077,-0.223141242026007,2.46066317423017,-0.512618416010773,0.302775266486666,-1.45009287839864,3.12564588980144,0.866557244801552,-0.42504604770089,0.200799972264408,0.323323913753649,-0.0959408004079406,-0.355309059223567,-0.078498522784239,0.0706535182506575,0.706471105833227,0.14652685078454,0.0721771776301777,-0.391387440809233,1.31931485319729,-0.0938512010049213,-0.0597738505414836
-0.2272060364703416,0.5960361376425944,2.06228020760719,0.111472815902694,-1.80864006336372,0.584781619624554,0.472583284827582,-0.722767426378141,0.173551176202739,-0.281530595424188,0.613908694750692,-0.503751621294591,-0.674708043869381,0.654043878053486,0.935062617370377,-1.41468598387719,-0.607061415678328,-0.11998020926306,0.786126223589481,-0.0732541699711623,-0.0053297311038497,-0.0961524310748092,0.058412783727026,0.510422202452906,-0.011036936961184,0.676919900108067,0.276300207311026,0.693689345305017,-0.0516664262325521,-0.0363360031387192
1.0897785230210295,-0.6758655529317779,-23.9141008948243,13.7659421584186,-25.7337337663194,6.2909179135006,-17.7848236618953,-4.57249762015164,-17.3907644695894,15.7941361803271,-3.81983218698836,-8.44226241787632,5.02011249777419,-7.0464278465108,0.692785249374773,-7.07689932873899,-0.0465348409616521,-6.20823797273981,-12.5320624040465,-4.82885763250639,0.978636193358608,1.64003733516462,1.77339928248294,-1.74842552125898,-1.09310448820022,0.147807442391992,1.66379235724108,-0.221024471156944,1.45807561131952,0.43031504868091
2.426605184098372,0.6652803721848236,-6.35233691096656,-2.37033515007664,-4.87539667887196,2.33504453116197,-0.809554897212021,-0.413647316208307,-4.08230817063438,2.23908947335972,-1.98635950470675,-5.16533081830893,2.94293916487767,-4.12572224190365,-0.433094395260294,-3.5181311704857,0.420777387095712,-5.10447983930312,-7.9253889983055,-3.41570671508705,0.71833237368083,0.186898304507656,1.32521840044042,1.22674487561089,-1.4852168616857,-1.47073226048821,-0.240053392971609,0.112972036960476,0.910590643802817,-0.650943712766886
-0.168378397261231,0.1999201118434192,0.834985779697617,1.09545371840369,-0.936770265886745,1.26575821292058,0.971855649086852,-0.0235033805224684,0.563824016886271,-0.547355439583218,1.41652298130731,0.0690984502399965,0.0605744422012869,-3.08621471520165,1.8397456437415,0.231168870145932,0.66664985812856,-0.657273394549383,1.83581732771187,0.609953629618819,2.54386777491607,0.181412517068062,-0.413739432493128,-0.718076604494973,0.2628274632349,-0.0588458398176414,-1.53673195928482,0.345180627410434,-0.463245490830561,-0.131414708630908
2.6071403619087548,-0.426602756141402,-2.79077103894771,-1.46426898705405,1.03116500769674,1.9213560843992,-0.0900138203463016,-0.483871347899329,0.780731181206493,-0.348775795673106,0.609133451935087,0.225933803313285,-1.06453419450651,-0.787372737955552,-1.57646958451914,-0.126756361711439,0.367012281940972,-0.635321654596588,0.327006411459276,0.0438160872305435,1.40357376229763,-1.37672077946455,-0.392667221970544,0.440019838749267,0.777659196131864,0.418551935584405,0.244563185949918,-0.159360689127314,0.0605395343366452,0.356958362771354
0.2341926919583595,0.0749891328610533,-1.85506070184998,1.55496360697718,-1.40580882850107,0.669327345741316,-0.280229520106465,1.17865246733203,-3.45997906611492,-2.81515495312599,1.24222876512242,-4.15635447965382,2.20944075185923,-5.12231410931103,0.66129710617156,-3.10393771952109,-2.41086973192388,-2.42501563217886,-3.96062268909989,-0.125017788038036,0.60039728842723,0.536916458029193,-0.0953083066630984,0.94662891847112,-0.297402959067305,-0.368343891207103,0.198731156287359,-0.0785905919566464,0.366709355889324,0.0737667168278096
-0.2382449521414099,1.0172346949564728,-0.220522214310892,0.844165101951092,0.512722024602616,-0.800303076589854,0.841037133542271,-0.260055794353956,0.907761321611938,-0.0034335599501673,-0.710945696473302,-0.443149511779393,0.828259395817112,0.490214276174455,-0.0539203499878413,0.484015112102317,-0.373037288452959,0.245087642472879,-0.846780877993993,0.361331038201598,-0.192200207827293,-0.105729487409449,0.295947138251862,0.822718996740067,-0.209854830642431,0.748359465915004,-0.343215596712033,0.268052339707835,0.107007679066473,0.162542229378564
-0.2861734087892126,-0.5419589045923942,-1.03790690869494,0.0802109681604774,2.5196818945581,2.95815837138935,1.05895403249721,1.80769198614071,-0.813816646130104,0.685866381838964,-0.71204003594678,0.453649692266254,-0.338034437078865,0.735123676671203,0.813984097641727,-0.675568539961456,-1.11336149663631,-0.532316013867785,0.245798360141722,0.422452307427715,1.6605131837362,0.393279095045508,0.160780575327948,0.651654190843574,-0.389437734485941,-1.06859093251435,0.424437874563508,0.579866643131696,0.124733547229851,0.0827460449991369
-0.2893872703137009,0.4664176035902677,2.13722545964123,-0.0031901499764873,-1.47849846978297,0.162072274554123,0.453248397855965,-0.5952168037276,0.2303140148499,-0.325642613644095,0.460018953595763,0.0454138401662661,-1.49871219438579,0.632297548540189,1.25523293849443,0.012102162354592,0.0052236566964128,0.150535963511416,-0.723634641082452,-0.654430066214545,0.531240963786561,-0.127093670835536,-0.346312243360592,-0.807595424215366,0.200054009275748,-0.976064707274976,-0.125329129908408,0.257066345323279,-0.0654025018095643,-0.0683987062906591
-0.2967931251309997,-0.4364125518391898,1.17671575912859,0.557090903443645,-0.490799622910899,0.756424293386678,0.2491915585394,-0.781870546568533,0.228750322026116,-0.0408400791377636,-0.432110564245139,-0.585778431385528,2.28193937592012,0.654566719272309,-0.310379432324912,-1.04370522504569,0.513750399321109,0.399177755263914,1.14313007770305,0.256013886486252,-0.511210088142662,-0.10277180482264,-0.0621660000083396,-0.128168129786567,-0.0401759895545737,0.110040347467026,0.437891432381746,0.368808854483266,-0.0182873480981415,0.0311734033163997
-0.2967931251309997,-0.4312785629530422,-1.23280412810524,2.24411874456383,-1.70382579275654,1.49253586483501,-1.19298516971563,-1.68611021267902,-1.86461150490967,0.856122313785725,-1.97353527775248,-3.94238290411726,2.40165068027699,-3.39426561777896,-0.145161724970334,-4.32979551307589,0.758760885824274,-3.19904647594093,-4.48018356526203,-2.48566878350317,-0.0958074336903356,0.207889301735382,0.560475065574211,0.165681717805126,-0.0137535165177887,0.474935180269258,-0.218725074414735,0.302809125708237,0.46603094153746,0.250133538809307
0.4282819814154964,-0.5243012723363761,-0.405616210888937,0.686807114066646,0.978961925781969,0.991745853877894,1.10075506755558,0.872930637140432,0.865909780611354,-0.0581310283212037,-0.153807449309441,0.0672205391058772,-1.67698023737587,-0.0530087199436068,0.718335864629689,-0.392199211649232,0.288474882502801,-0.920401620868291,-0.0193651969502326,-0.307574774613111,1.24160563141912,0.430153030843147,-0.132083164484864,0.0783361777095536,-0.238289475177816,-1.29176200609948,0.116877347627765,-0.168746589663229,0.247471040659142,-0.0249993837376429
1.0340250122266472,-0.6203785288830931,1.12404398533926,-1.33944201482686,1.48846207647101,-0.0694981094395197,-2.22636161448549,-0.242089772326006,-1.36999942183608,0.198845848259216,0.696203376832681,0.306899428158297,-0.995167529975866,-0.834579108594711,-1.51932380430258,-0.879874882367445,-0.970193596979643,0.610075162046768,1.02784918655326,-1.33456611734864,0.820728699753947,0.111828472036255,0.147517769745348,0.441908694175456,-0.076341214755972,0.730406386016812,0.317070518342983,-0.142792643858802,0.04815438651734,0.0421838364303486
-0.2893872703137009,0.3968091730400968,2.12717584716809,0.001436336710643,-1.51828410606238,0.116468781218572,0.5807446540086,-0.338400921128448,0.184350742303858,-0.25243172080951,0.415487937296131,0.035139478596445,-1.24359233579435,0.728201654576893,1.30466332319835,-0.0010980795831107,0.0196969797662611,0.0898739406464234,-0.64711434836898,-0.722460801421057,0.433377387123978,-0.100723685166849,-0.332162423190255,-0.804713344368936,0.270819006656335,0.0604271831889965,-0.142524756530954,0.204607352047615,-0.0694881897589813,-0.05824163342922
0.8104520366100748,-0.076986336775573,1.33862332481034,-1.00968551639466,0.125703524555774,-1.22012575274601,-1.3235961028897,-1.12440281166593,-0.454698448955325,-0.292949717731581,-2.23046286715155,1.38071241389559,0.311862289290807,-0.573160749920634,0.274664700599957,0.0331737286718202,0.52098057132282,-1.09507162533851,1.12779657449103,-1.17014642067256,-0.547001083383033,-0.256918984652615,-0.403745766793881,-0.941617585938467,0.190759880622019,0.560494762826743,0.171698265038278,-0.460082835725856,0.0077091000031421,0.0290260453754755
